"Cluster","GLON","e_GLON","GLAT","e_GLAT","Num","plx","e_plx","pmRA","e_pmRA","pmDE","e_pmDE","logAge","A0","_RA.icrs","_DE.icrs"
"Alessi_1",123.2631,0.118,-13.3595,0.1,46,1.411,0.036,6.476,0.105,-6.42,0.155,8.7,0.6,13.3557,49.511
"Alessi_10",31.6259,0.272,-21.0414,0.169,81,2.26,0.046,1.447,0.173,-7.898,0.214,7.9,0.6,301.229,-10.5241
"Alessi_12",67.4483,0.4,-11.4755,0.357,198,1.837,0.047,4.315,0.193,-4.701,0.155,7.9,0.35,310.9106,23.7975
"Alessi_13",237.2373,2.393,-55.7144,1.1,66,9.535,0.299,36.141,1.6,-4.606,0.985,7.5,0.05,52.0532,-35.6693
"Alessi_19",40.0609,0.278,12.6327,0.177,43,1.691,0.039,-1.0,0.134,-7.18,0.144,7.25,0.3,274.6656,11.9759
"Alessi_2",152.3327,0.272,6.3674,0.249,140,1.624,0.041,-0.944,0.153,-1.091,0.142,8.45,0.85,71.6056,55.2002
"Alessi_20",117.2417,0.766,-3.7625,0.448,407,2.333,0.084,8.019,0.473,-2.471,0.415,7.05,1.05,1.9052,58.6243
"Alessi_21",223.4612,0.286,-0.0206,0.239,122,1.758,0.047,-5.534,0.19,2.647,0.184,7.65,0.4,107.6854,-9.3694
"Alessi_24",329.0174,0.407,-14.5941,0.257,149,2.07,0.051,-0.46,0.171,-8.95,0.176,7.85,0.3,260.8421,-62.6775
"Alessi_3",257.5537,0.998,-15.247,0.647,162,3.611,0.109,-9.82,0.484,11.958,0.506,8.6,0.5,109.09,-46.3076
"Alessi_31",15.3546,0.137,7.6696,0.106,69,1.481,0.028,-1.136,0.151,-4.208,0.13,7.6,2.7,267.7409,-11.8593
"Alessi_37",101.701,0.211,-11.4026,0.168,98,1.414,0.03,0.354,0.088,-1.677,0.112,7.9,0.8,341.9369,46.3077
"Alessi_43",262.5313,0.319,1.4923,0.166,404,1.058,0.052,-5.573,0.39,3.925,0.378,6.55,1.15,132.6092,-41.7321
"Alessi_5",287.9823,0.663,-1.9474,0.405,491,2.502,0.077,-15.453,0.407,2.556,0.488,7.6,0.5,160.6998,-61.0288
"Alessi_6",313.6547,0.116,-5.5454,0.091,119,1.133,0.03,-10.559,0.136,-5.531,0.136,8.55,1.1,220.0862,-66.1234
"Alessi_62",52.7941,0.176,8.6894,0.147,116,1.617,0.032,0.269,0.104,-1.146,0.117,8.95,0.9,284.0111,21.58
"Alessi_8",326.397,0.128,4.2542,0.099,37,1.494,0.026,-6.029,0.132,-5.684,0.198,7.9,0.45,232.2761,-51.2893
"Alessi_Teutsch_11",87.4432,0.115,9.2648,0.136,82,1.538,0.026,-0.124,0.142,-1.311,0.095,8.05,0.45,304.1382,52.0562
"Alessi_Teutsch_3",266.4421,0.152,-12.8418,0.157,64,1.426,0.032,-5.379,0.115,8.962,0.208,7.9,0.8,118.2513,-53.0316
"Alessi_Teutsch_5",105.1011,0.603,4.0963,0.242,624,1.114,0.055,-1.43,0.918,-3.086,0.485,6.3,1.1,333.2748,61.3596
"Alessi_Teutsch_8",297.0396,0.165,1.3744,0.15,324,0.991,0.032,-6.64,0.129,1.681,0.137,7.9,0.85,180.6622,-60.938
"ASCC_10",155.7671,0.205,-17.844,0.212,46,1.518,0.032,-1.779,0.109,-1.43,0.099,7.9,0.75,51.8578,34.8967
"ASCC_101",68.0081,0.172,11.632,0.213,71,2.52,0.039,0.936,0.241,1.262,0.262,8.1,0.25,288.3615,36.3616
"ASCC_105",62.8241,0.33,2.1388,0.155,70,1.783,0.027,1.372,0.209,-1.609,0.15,7.85,0.55,295.4734,27.4033
"ASCC_107",58.9091,0.116,-1.8981,0.089,49,1.141,0.03,-0.202,0.123,-5.148,0.097,7.05,1.2,297.1641,21.994
"ASCC_108",74.3964,0.284,6.0715,0.157,163,0.847,0.036,-0.473,0.129,-1.722,0.14,7.8,0.8,298.3204,39.3632
"ASCC_11",150.546,0.193,-9.239,0.158,242,1.173,0.049,0.912,0.154,-3.07,0.15,8.45,1.0,53.0432,44.8432
"ASCC_111",74.6897,0.21,2.0117,0.141,93,1.156,0.038,-1.14,0.103,-1.579,0.111,7.9,1.05,302.9209,37.4709
"ASCC_113",82.9019,0.321,-6.5897,0.389,218,1.767,0.032,0.809,0.156,-3.724,0.164,7.85,0.35,317.9549,38.6558
"ASCC_114",97.1078,0.133,1.0275,0.123,166,1.067,0.025,-3.704,0.113,-3.465,0.129,7.5,1.3,325.0232,54.0137
"ASCC_115",97.4645,0.19,-2.4766,0.108,32,1.308,0.031,-0.553,0.065,-0.629,0.07,8.05,1.05,329.1724,51.541
"ASCC_12",163.0205,0.139,-1.8916,0.11,112,0.955,0.049,-0.684,0.13,-2.948,0.099,7.8,1.1,72.4312,41.7178
"ASCC_123",104.6547,1.136,-4.1203,0.819,75,4.308,0.1,12.345,0.48,-1.525,0.523,7.7,0.5,340.6117,54.1097
"ASCC_127",112.2666,0.901,4.1294,1.896,453,2.66,0.093,7.43,0.412,-1.789,0.735,7.25,0.7,347.1188,64.8473
"ASCC_128",109.846,0.16,-5.9613,0.047,15,1.522,0.014,1.255,0.107,0.081,0.111,7.85,0.75,350.001,54.5707
"ASCC_13",163.5293,0.064,3.0593,0.118,55,0.893,0.025,-0.535,0.15,-1.817,0.133,7.65,0.8,78.2063,44.3582
"ASCC_16",201.764,1.669,-17.9493,1.517,2176,2.893,0.095,1.439,0.397,-0.398,0.541,6.9,0.05,81.8581,1.3446
"ASCC_19",206.4123,2.058,-19.0574,1.381,1170,2.781,0.083,1.521,0.5,-1.244,0.363,6.9,0.2,82.9817,-3.0594
"ASCC_23",167.4449,0.212,14.4409,0.187,110,1.617,0.035,1.055,0.132,-0.6,0.131,8.45,0.5,95.0646,46.7445
"ASCC_29",214.7391,0.099,-0.1278,0.103,60,0.965,0.03,-0.983,0.057,-1.035,0.079,7.85,0.4,103.57,-1.6666
"ASCC_30",219.1277,0.21,-1.5954,0.076,65,0.907,0.034,-1.583,0.075,-0.14,0.094,7.9,0.65,104.2668,-6.241
"ASCC_32",237.6584,1.119,-9.2923,0.526,697,1.233,0.069,-3.218,0.253,3.456,0.17,7.25,0.1,105.7029,-26.1686
"ASCC_41",219.1398,0.595,12.3646,0.263,112,3.383,0.082,0.692,0.197,-3.953,0.227,7.9,0.05,116.6717,0.2082
"ASCC_47",258.965,0.552,0.1914,0.413,196,1.316,0.05,-8.134,0.255,5.705,0.242,7.85,0.35,128.3612,-39.7198
"ASCC_58",281.7,0.734,1.2963,0.504,273,2.092,0.05,-13.297,0.317,2.764,0.404,7.7,0.4,153.7314,-54.9898
"ASCC_77",311.9974,0.1,-0.8744,0.084,159,0.878,0.028,-4.278,0.101,-3.186,0.158,7.6,1.05,212.6989,-62.3412
"ASCC_79",319.9061,0.312,-2.9947,0.22,205,1.184,0.044,-3.109,0.27,-4.106,0.238,6.7,1.0,229.7078,-60.9123
"ASCC_85",339.7688,0.161,-0.234,0.15,72,1.138,0.033,0.157,0.1,-4.117,0.117,7.9,0.9,251.7844,-45.5739
"ASCC_88",349.9836,0.089,2.995,0.129,65,1.107,0.022,0.899,0.152,-3.282,0.115,7.8,2.35,256.8444,-35.5723
"ASCC_97",14.1938,0.232,-5.6302,0.19,133,1.748,0.043,-2.394,0.185,-6.453,0.188,7.9,1.55,279.3099,-19.2238
"Aveni_Hunter_1",110.3526,0.634,-13.3808,1.314,189,2.347,0.073,0.0,0.578,-2.596,1.028,6.95,0.15,354.5129,47.6905
"BDSB91",219.4682,0.014,-10.5507,0.034,31,1.105,0.044,-3.143,0.212,1.237,0.172,6.7,1.55,96.3217,-10.5498
"BDSB93",220.9737,0.092,-2.477,0.043,25,0.801,0.017,-1.991,0.647,0.992,1.016,6.7,0.05,104.3226,-8.2849
"BDSB96",225.8129,0.413,-2.5123,0.15,329,0.864,0.058,-3.45,0.441,0.92,0.449,6.9,1.55,106.5338,-12.6033
"Berkeley_14A",162.7852,0.199,0.8292,0.139,59,0.88,0.029,-0.369,0.112,-2.802,0.199,7.4,1.0,75.1082,43.6111
"Berkeley_59",118.2389,0.158,5.1599,0.27,533,0.96,0.045,-1.623,0.363,-1.635,0.526,6.6,4.95,0.5225,67.5809
"VDBH_164",314.3028,0.383,-6.2045,0.297,213,2.393,0.064,-7.407,0.286,-10.71,0.293,7.55,0.55,222.233,-66.4468
"VDBH_221",353.9198,0.151,3.0192,0.085,184,0.912,0.06,1.981,0.253,-1.61,0.254,6.75,1.5,259.6004,-32.3737
"VDBH_23",253.5502,1.9,-0.3576,0.852,461,2.229,0.147,-7.129,0.404,7.132,0.612,7.25,0.1,123.8543,-35.6076
"VDBH_56",264.485,0.166,1.6317,0.165,154,1.102,0.037,-5.524,0.201,5.394,0.196,6.75,0.55,134.4558,-43.138
"VDBH_99",286.5983,0.598,-0.5778,0.39,647,2.245,0.07,-14.525,0.426,0.983,0.486,7.6,0.35,159.5885,-59.1624
"Blanco_1",14.9859,3.105,-79.0987,0.603,408,4.224,0.083,18.738,0.427,2.606,0.395,7.8,0.05,0.8721,-29.9746
"Casado_4",256.072,0.076,-0.1734,0.079,41,0.822,0.041,-5.67,0.144,5.273,0.143,7.15,1.55,125.8175,-37.585
"Cep_OB6",102.8094,2.314,-0.402,0.81,117,4.124,0.126,16.352,1.335,4.81,0.61,7.8,0.35,334.4812,56.3505
"Chameleon_II",303.6933,0.209,-14.6063,0.442,40,5.092,0.08,-20.066,0.777,-7.596,0.476,7.15,4.95,196.2542,-77.458
"COIN-Gaia_1",122.5864,0.22,3.8877,0.184,93,1.552,0.035,-5.023,0.116,-3.137,0.159,8.05,1.8,11.9859,66.7571
"COIN-Gaia_10",161.9396,0.098,-4.9708,0.095,41,0.973,0.047,1.953,0.13,-3.447,0.095,7.9,1.85,68.4125,40.5012
"COIN-Gaia_11",162.5147,0.165,-5.7974,0.146,84,1.516,0.038,3.458,0.137,-5.734,0.142,8.55,2.15,68.1244,39.5202
"COIN-Gaia_12",166.1047,0.189,2.1291,0.153,61,1.033,0.038,2.514,0.1,-4.691,0.101,8.85,0.35,79.2216,41.7249
"COIN-Gaia_13",167.6768,0.265,4.7417,0.269,47,1.944,0.034,-3.906,0.158,-1.685,0.055,8.15,0.5,83.3048,41.8854
"COIN-Gaia_14",167.4327,0.088,-0.3184,0.084,23,1.041,0.024,1.29,0.085,-6.652,0.096,7.75,1.25,77.6364,39.215
"COIN-Gaia_15",169.43,0.079,-3.3297,0.088,119,0.821,0.033,0.277,0.136,-3.829,0.117,7.65,1.8,76.1056,35.8122
"COIN-Gaia_17",170.3897,0.109,1.0109,0.091,87,0.908,0.042,0.275,0.159,-4.301,0.11,8.55,1.35,81.1997,37.5679
"COIN-Gaia_18",170.7758,0.114,-2.0432,0.11,36,0.969,0.038,0.738,0.088,-4.937,0.06,8.25,1.0,78.3628,35.4985
"COIN-Gaia_20",173.9855,0.068,-4.0765,0.095,21,0.936,0.026,0.507,0.106,-1.517,0.088,7.5,1.05,78.6271,31.7093
"COIN-Gaia_23",182.1699,0.132,-0.2158,0.072,59,1.055,0.035,-0.332,0.105,-1.011,0.093,7.9,0.8,87.4666,26.9675
"COIN-Gaia_24",186.9132,0.108,0.4291,0.118,71,0.987,0.03,2.508,0.096,-2.951,0.067,7.8,1.2,90.7165,23.1918
"COIN-Gaia_25",189.8719,0.24,-0.21,0.194,109,1.231,0.037,-0.507,0.109,-2.646,0.108,8.5,0.85,91.6784,20.2997
"COIN-Gaia_26",190.041,0.035,-9.0335,0.057,19,0.799,0.025,0.257,0.129,-2.38,0.121,7.85,1.75,83.7678,15.6819
"COIN-Gaia_27",192.7349,0.092,-8.4018,0.079,46,0.921,0.024,0.695,0.118,-3.598,0.083,8.35,2.1,85.7508,13.7299
"COIN-Gaia_30",125.6786,0.172,7.866,0.137,98,1.367,0.03,-6.18,0.108,2.014,0.169,8.05,2.05,21.0605,70.5626
"COIN-Gaia_32",129.8134,0.075,1.0038,0.063,21,0.793,0.024,-0.001,0.049,-2.306,0.058,7.5,1.95,28.1884,63.0534
"COIN-Gaia_34",131.5093,0.111,0.1541,0.096,44,1.049,0.051,-2.306,0.14,0.804,0.16,7.7,2.25,31.254,61.7944
"COIN-Gaia_37",138.9965,0.249,0.0867,0.574,84,0.967,0.037,0.866,0.499,-2.54,0.903,7.7,2.5,45.2126,58.8619
"COIN-Gaia_38",146.0979,0.081,-4.7215,0.107,84,0.849,0.057,1.993,0.085,-6.856,0.095,8.45,2.45,51.4637,51.0703
"COIN-Gaia_39",160.6381,0.204,-2.6471,0.16,51,0.966,0.035,0.123,0.156,-2.54,0.17,7.9,1.3,69.5498,43.0244
"COIN-Gaia_5",130.5896,0.134,-3.96,0.065,21,1.107,0.04,-2.821,0.082,-0.611,0.101,7.85,1.05,27.4062,58.044
"COIN-Gaia_8",139.7161,0.238,-9.3758,0.188,87,1.37,0.049,2.39,0.127,-2.525,0.146,7.9,0.75,39.1894,50.0323
"COIN-Gaia_9",145.6774,0.175,-8.5767,0.126,67,1.159,0.046,-2.066,0.133,-2.907,0.154,7.8,1.3,47.7344,48.0385
"Collinder_135",248.8283,0.923,-11.1245,0.73,387,3.333,0.126,-10.116,0.56,6.143,0.402,7.55,0.35,109.3631,-36.8693
"Collinder_140",244.9926,0.677,-7.9094,0.501,220,2.624,0.097,-8.141,0.342,4.811,0.24,7.5,0.15,110.8126,-32.051
"Collinder_197",261.5171,0.079,0.9487,0.117,232,1.044,0.053,-5.762,0.339,4.045,0.326,6.55,2.65,131.194,-41.2843
"Collinder_258",299.9589,0.082,1.9621,0.062,115,0.801,0.027,-7.026,0.108,-0.254,0.096,8.05,0.85,186.7662,-60.7689
"Collinder_350",26.98,0.506,14.7904,0.517,163,2.712,0.097,-4.925,0.378,-0.051,0.221,8.55,1.3,267.0156,1.5573
"Collinder_359",29.8961,0.249,12.482,0.284,66,1.8,0.03,0.655,0.106,-8.862,0.126,7.25,0.85,270.3716,3.0113
"Collinder_394",15.053,0.386,-9.3586,0.222,493,1.382,0.048,-1.482,0.137,-5.958,0.171,7.85,0.85,283.262,-20.1052
"Collinder_419",78.3346,0.258,2.6912,0.169,409,0.978,0.059,-2.573,0.364,-6.352,0.376,6.55,2.05,304.8018,40.8768
"Collinder_421",79.4489,0.153,2.527,0.095,208,0.828,0.03,-3.642,0.12,-8.365,0.122,8.05,2.8,305.8225,41.7002
"Collinder_463",127.4286,0.32,9.3601,0.257,438,1.153,0.032,-1.743,0.113,-0.369,0.141,7.85,1.4,27.1461,71.7312
"Collinder_69",195.2374,1.465,-11.9453,0.81,1132,2.505,0.088,1.262,0.724,-2.128,0.444,6.75,0.2,83.9219,9.8034
"Collinder_95",201.7365,0.235,0.1749,0.262,260,1.495,0.079,-2.18,0.365,-4.95,0.499,6.5,0.95,97.86,10.0314
"CWNU_102",256.4579,0.136,2.3934,0.121,33,1.068,0.031,-5.49,0.37,5.143,0.453,7.7,0.9,128.7055,-36.3946
"CWNU_134",55.9406,0.109,-2.6842,0.118,36,0.838,0.035,-0.879,0.27,-4.39,0.238,8.55,1.15,296.2992,19.0343
"CWNU_149",143.496,0.086,4.7019,0.101,23,1.609,0.086,-2.988,0.258,-0.512,0.196,7.6,1.05,57.6584,60.2099
"CWNU_152",72.1107,0.065,-2.6325,0.07,17,0.943,0.029,-1.624,0.095,-5.547,0.1,6.95,0.75,305.8558,32.7318
"CWNU_18",219.8323,0.455,-18.1035,0.253,88,1.496,0.055,-1.914,0.326,1.615,0.315,6.9,1.2,89.478,-14.0827
"CWNU_180",77.6081,0.39,-0.6303,0.321,71,0.971,0.044,-1.572,0.331,-3.885,0.434,7.5,1.95,307.7804,38.367
"CWNU_182",265.7233,0.309,1.884,0.084,29,1.043,0.022,-8.737,0.192,5.797,0.093,7.55,2.15,135.8414,-43.9036
"CWNU_188",267.7555,0.103,-0.0379,0.121,48,0.878,0.023,-6.1,0.081,3.997,0.07,7.5,3.15,135.7196,-46.6991
"CWNU_200",178.0028,0.061,11.1989,0.046,27,0.833,0.034,-0.37,0.063,-3.614,0.052,7.55,0.75,96.9491,36.0457
"CWNU_201",218.8132,0.044,-11.266,0.053,21,1.018,0.024,-3.594,0.229,-0.867,0.271,8.7,2.1,95.3818,-10.2836
"CWNU_208",267.9225,0.078,1.8137,0.037,23,1.327,0.028,-8.51,0.21,3.964,0.27,6.25,2.6,137.8556,-45.574
"CWNU_216",195.1669,0.236,-17.09,0.249,50,2.539,0.114,2.33,0.309,-3.697,0.219,6.5,0.1,79.4266,7.2129
"CWNU_224",352.4046,0.063,-5.8584,0.039,28,0.863,0.026,3.484,0.085,-2.351,0.107,7.4,1.05,267.7669,-38.451
"CWNU_232",209.8409,0.805,-10.3619,0.566,99,2.056,0.061,0.018,0.602,-2.781,0.865,7.9,0.55,92.2347,-1.9948
"CWNU_254",213.0506,0.602,8.0811,0.715,173,2.142,0.075,-6.523,0.245,-5.129,0.369,7.85,0.1,110.1147,3.5704
"CWNU_261",311.8063,0.048,-2.7629,0.053,50,1.087,0.019,-4.508,0.127,-4.355,0.132,7.65,1.1,213.5913,-64.1964
"CWNU_285",343.5877,0.083,-0.6802,0.061,43,0.931,0.026,0.455,0.143,-2.435,0.132,7.5,2.8,255.6228,-42.8862
"CWNU_286",104.7044,0.082,7.7354,0.052,16,1.129,0.025,-3.145,0.096,-4.507,0.171,6.9,1.2,327.8064,64.0286
"CWNU_289",282.6837,1.489,0.9051,0.456,164,2.266,0.08,-14.409,0.615,2.718,0.799,7.55,0.3,154.7899,-55.8613
"CWNU_3",131.4597,0.097,3.094,0.132,25,1.284,0.025,-2.414,0.069,-1.061,0.08,7.65,1.8,33.0688,64.6189
"CWNU_315",308.3197,0.075,5.2405,0.085,25,0.878,0.032,-5.687,0.101,-1.375,0.085,7.0,1.0,202.803,-57.2146
"CWNU_316",344.5726,0.034,-4.5736,0.031,37,0.877,0.04,2.095,0.138,-3.261,0.086,7.3,1.45,260.7768,-44.3752
"CWNU_320",237.4535,0.077,-4.9382,0.072,64,0.822,0.059,-2.739,0.149,3.073,0.179,6.75,0.3,109.8994,-24.0327
"CWNU_338",256.8889,0.116,-2.0146,0.175,40,1.61,0.044,-5.249,0.093,5.47,0.107,7.15,1.0,124.4724,-39.3018
"CWNU_343",120.1549,0.111,6.1897,0.114,15,1.054,0.021,-2.825,0.085,-0.194,0.184,7.4,2.95,5.172,68.8955
"CWNU_347",66.1961,0.11,5.859,0.207,23,2.412,0.045,2.617,0.187,-1.327,0.152,7.6,0.1,293.6116,32.1512
"CWNU_348",105.4056,0.016,8.3707,0.021,15,0.889,0.041,-2.135,0.284,-4.579,0.206,6.25,1.35,328.1167,64.9601
"CWNU_351",340.0374,0.041,6.4748,0.035,32,0.921,0.053,-2.849,0.108,-3.353,0.116,7.55,2.85,245.2552,-40.8319
"CWNU_361",158.1749,0.057,-5.5496,0.061,16,1.022,0.053,2.095,0.076,-1.36,0.044,7.5,2.1,64.3668,42.7937
"CWNU_363",255.4008,0.053,-4.0743,0.046,30,1.128,0.035,-4.586,0.094,3.989,0.149,6.75,1.05,121.1965,-39.1823
"CWNU_380",95.868,0.092,6.7263,0.023,17,0.827,0.02,-1.991,0.105,-5.661,0.165,7.4,2.0,316.3544,57.1916
"CWNU_394",109.9007,0.185,-2.8014,0.173,96,0.913,0.036,0.225,0.47,-1.33,0.354,7.9,2.25,348.0507,57.5379
"CWNU_399",260.371,0.039,-3.8327,0.056,20,0.816,0.037,-2.404,0.058,4.898,0.089,7.5,2.45,125.0749,-43.1996
"CWNU_406",189.2312,0.048,-0.2949,0.204,16,0.982,0.015,1.555,0.081,-2.232,0.153,7.9,0.85,91.2649,20.8172
"CWNU_409",147.9646,0.088,8.2629,0.156,37,0.956,0.021,-0.687,0.57,-1.55,0.54,8.7,1.75,68.9996,59.7175
"CWNU_423",124.1318,0.113,-0.6333,0.077,24,0.992,0.042,-0.246,0.086,-1.683,0.166,7.65,2.3,15.434,62.2145
"CWNU_446",109.7966,0.106,5.9606,0.203,32,1.071,0.034,-0.346,0.232,-2.555,0.29,6.75,2.1,339.9486,65.4182
"CWNU_462",111.3044,1.177,19.7117,0.586,76,2.665,0.073,5.366,0.623,3.634,1.399,7.15,4.05,315.2297,77.0179
"CWNU_487",141.9802,0.081,1.9384,0.161,59,0.934,0.057,0.851,0.355,-1.555,0.515,6.25,0.1,52.0082,58.8923
"CWNU_492",29.374,0.045,2.8948,0.059,60,1.153,0.047,-2.195,0.173,-3.049,0.088,6.0,4.1,278.6591,-1.8413
"CWNU_5",178.5545,1.873,-10.7058,0.737,284,2.065,0.141,1.252,0.415,-5.363,0.761,7.35,1.15,75.5738,24.1465
"CWNU_508",108.0761,0.176,4.2312,0.218,45,1.018,0.028,-2.816,0.68,-2.491,0.789,8.7,2.9,338.4918,63.0671
"CWNU_515",279.2594,0.692,-12.3429,0.456,38,4.862,0.093,-26.528,0.585,15.418,0.737,7.5,0.2,131.8931,-63.346
"CWNU_518",163.5946,0.115,-0.43,0.084,18,1.007,0.024,0.404,0.044,-2.883,0.051,7.6,0.7,74.4426,42.1959
"CWNU_519",94.9495,2.257,7.831,0.938,300,3.075,0.134,5.053,0.519,3.505,0.358,7.55,0.45,313.711,57.2183
"CWNU_522",191.9691,0.845,-18.9445,0.935,112,2.537,0.131,0.845,0.529,-4.487,0.377,7.6,0.75,76.2105,8.8078
"CWNU_523",112.7254,0.72,-5.0768,0.701,110,2.405,0.103,7.197,0.585,-2.63,0.462,7.25,0.85,354.3023,56.3169
"CWNU_524",246.8778,0.417,-6.8113,0.22,17,2.797,0.092,-9.69,0.559,4.961,0.257,7.7,0.25,112.9966,-33.1991
"CWNU_525",115.3138,1.503,-6.2586,1.235,361,2.515,0.091,8.227,0.568,-3.68,0.707,7.1,0.2,359.2973,55.8087
"CWNU_528",245.8936,1.704,-10.9408,0.5,198,2.433,0.1,-5.536,0.503,6.403,0.298,7.5,0.45,108.0385,-34.1918
"CWNU_533",113.8196,1.887,-6.7457,0.752,171,2.362,0.172,5.246,0.77,-4.441,0.717,7.9,0.8,356.9468,54.996
"CWNU_534",45.6988,3.36,18.5132,2.07,274,3.213,0.189,-1.202,0.606,-7.995,0.867,7.55,0.6,271.4257,19.3466
"CWNU_536",255.2938,0.901,-17.1852,1.025,70,4.025,0.18,-3.612,1.594,2.593,1.167,7.8,0.1,105.3394,-45.0429
"CWNU_55",126.2857,0.145,2.6948,0.078,24,0.807,0.02,3.527,0.09,-1.155,0.068,8.65,2.95,20.9157,65.3565
"CWNU_9",218.2117,0.073,-7.6584,0.079,18,1.004,0.041,-3.432,0.141,0.721,0.108,7.0,1.15,98.3969,-8.1597
"CWNU_92",113.5765,0.086,0.8585,0.091,15,0.893,0.022,-2.331,0.062,-1.26,0.032,7.45,2.85,352.437,62.2372
"CWNU_95",320.2667,0.041,4.6037,0.049,23,0.901,0.039,-2.806,0.094,-2.3,0.084,7.05,1.05,223.3045,-54.1179
"DBSB_104",337.2122,0.035,-5.838,0.035,24,0.917,0.046,-0.541,0.216,-2.547,0.207,6.7,1.6,255.9571,-51.0739
"Dolidze_8",80.0519,0.17,2.6936,0.069,66,1.018,0.043,-2.537,0.228,-6.155,0.213,6.4,1.25,306.1034,42.2893
"ESO_130_06",297.3843,0.087,3.0843,0.056,67,1.23,0.031,-11.277,0.088,-0.804,0.123,8.05,0.65,181.955,-59.3168
"ESO_166_04",273.8808,0.064,-3.9712,0.042,55,0.884,0.035,-5.918,0.096,5.739,0.083,8.05,0.65,137.6067,-53.8744
"ESO_489_01",233.7503,0.712,-22.4898,0.391,15,3.245,0.074,-6.577,0.364,-0.154,0.252,8.0,0.15,90.4074,-27.8186
"Feigelson_1",300.3394,0.173,-16.0627,0.635,21,9.818,0.132,-41.347,0.885,-6.05,1.759,6.9,0.05,180.0701,-78.6761
"Ferrero_1",0.6642,0.1,-8.1314,0.064,48,1.16,0.023,0.163,0.13,-4.843,0.125,7.85,0.65,275.0296,-32.3346
"Ferrero_11",208.1245,0.083,-7.8628,0.075,43,1.249,0.037,-3.031,0.108,-4.35,0.12,8.35,0.85,93.6748,0.6593
"FSR_0174",67.0457,0.098,-3.0755,0.136,34,0.855,0.04,-2.003,0.19,-5.177,0.301,6.0,1.25,302.9945,28.2914
"FSR_0213",77.3923,0.062,0.8007,0.065,25,1.024,0.033,-1.503,0.168,-3.574,0.155,6.7,3.35,306.1295,39.026
"FSR_0227",78.5114,0.089,0.9897,0.061,19,1.047,0.034,-2.076,0.264,-4.043,0.196,6.25,1.55,306.7689,40.0481
"FSR_0237",80.1585,0.072,-1.8981,0.086,28,0.845,0.022,-1.421,1.51,-4.335,1.127,8.75,2.1,311.0645,39.6302
"FSR_0398",108.8708,0.096,5.0374,0.052,105,1.058,0.042,-3.157,0.104,-1.185,0.118,7.1,2.2,339.1285,64.1614
"FSR_0551",128.0231,0.144,2.485,0.118,186,1.07,0.055,0.026,0.313,-1.556,0.293,6.6,0.1,24.9137,64.8791
"FSR_0667",151.1584,0.072,-0.6793,0.051,48,0.866,0.041,0.829,0.092,-3.731,0.104,8.45,1.75,61.7784,51.1412
"FSR_0686",156.8222,0.14,-2.1804,0.114,51,1.105,0.037,-1.073,0.067,-2.607,0.087,7.15,1.4,66.3731,46.129
"FSR_0866",186.3269,0.105,13.8494,0.089,172,0.803,0.031,1.366,0.075,-0.389,0.082,9.6,0.15,103.834,29.7444
"FSR_1117",217.0593,0.107,-11.7599,0.062,23,1.146,0.038,-3.632,0.202,0.882,0.203,6.75,1.7,94.1688,-8.9543
"FSR_1421",263.7617,0.144,1.8792,0.076,21,0.955,0.033,-7.57,0.155,5.673,0.127,7.7,2.45,134.0718,-42.4277
"GroupX_a",101.1817,6.484,61.5513,1.63,61,10.652,0.22,-18.068,0.954,-4.668,1.538,8.25,0.25,209.7663,52.6272
"GroupX_b",94.4956,5.22,51.0754,1.134,61,9.318,0.294,-14.191,1.676,-1.296,1.6,8.15,0.05,227.0459,57.828
"Gulliver_10",255.7975,0.101,-2.5196,0.131,46,1.695,0.06,-4.321,0.161,5.076,0.172,6.75,2.0,123.1531,-38.675
"Gulliver_20",38.7516,0.636,13.1317,0.364,70,2.361,0.058,1.013,0.223,-6.465,0.255,7.9,0.45,273.6449,11.0391
"Gulliver_21",237.4995,0.205,-7.9785,0.196,117,1.543,0.039,-1.892,0.126,4.209,0.127,8.45,0.3,106.9377,-25.4508
"Gulliver_22",181.4744,0.074,-2.5573,0.064,40,1.352,0.098,-1.419,0.28,-4.736,0.118,6.75,1.4,84.8263,26.3368
"Gulliver_29",350.01,0.327,3.1172,0.325,280,0.903,0.032,1.261,0.168,-2.274,0.191,6.95,2.0,256.7436,-35.478
"Gulliver_33",88.674,0.082,-1.46,0.116,67,0.884,0.042,0.303,0.068,-4.016,0.108,7.65,1.7,318.2266,46.3632
"Gulliver_44",257.1204,0.135,0.4345,0.109,116,0.811,0.03,-0.634,0.089,2.359,0.116,8.55,1.75,127.2138,-38.0875
"Gulliver_48",91.0229,0.117,2.4434,0.149,71,1.069,0.035,-4.778,0.118,-6.717,0.116,7.3,3.4,316.3028,50.7374
"Gulliver_54",173.6111,0.086,-1.1255,0.073,16,0.832,0.021,-0.478,0.062,-7.223,0.049,8.55,0.7,81.2511,33.7029
"Gulliver_6",204.8872,0.792,-16.5473,0.71,362,2.608,0.096,-1.307,0.81,-0.53,0.63,7.15,0.05,84.5191,-0.6002
"Gulliver_60",68.4192,0.086,-2.6562,0.085,137,0.906,0.033,1.74,0.101,0.16,0.106,7.6,1.6,303.456,29.6678
"Gulliver_8",173.2163,0.065,-1.5466,0.065,39,0.916,0.042,-0.275,0.083,-3.072,0.118,7.25,1.0,80.5652,33.7912
"Gulliver_9",265.0805,0.307,-5.3561,0.349,351,1.996,0.071,-5.926,0.222,6.882,0.262,7.15,0.35,127.1244,-47.9221
"HXHWL 10, H21OC_10",339.4956,0.103,-4.4096,0.121,40,1.103,0.018,-1.406,0.1,-2.689,0.127,7.9,1.15,256.3133,-48.3982
"HXHWL 12, H21OC_12",202.4143,0.224,-5.8142,0.102,28,0.897,0.026,-0.037,0.076,-1.455,0.095,7.7,0.85,92.8315,6.6283
"HXHWL 17, H21OC_17",226.5541,0.145,0.1358,0.102,53,0.924,0.038,-2.069,0.361,-0.142,0.45,8.45,0.85,109.288,-12.0361
"HXHWL 18, H21OC_18",165.5425,0.179,-2.1082,0.132,25,0.958,0.027,-0.49,0.086,-3.105,0.094,7.5,1.15,74.3095,39.6271
"HXHWL 22, H21OC_22",224.1872,0.174,1.1673,0.215,70,0.876,0.039,-0.621,0.206,0.945,0.174,7.85,0.5,109.0934,-9.4614
"HXHWL 26, H21OC_26",240.3275,0.162,-4.8177,0.196,42,0.812,0.03,-4.246,0.094,3.913,0.084,7.5,0.2,111.4927,-26.5104
"HXHWL 32, H21OC_32",221.0933,0.126,-1.0152,0.126,37,0.882,0.03,-1.565,0.058,-3.487,0.055,8.2,0.9,105.6912,-7.7241
"HXHWL 33, H21OC_33",343.0538,0.071,2.6497,0.08,38,0.903,0.018,1.461,0.105,-2.995,0.098,7.6,1.3,251.6858,-41.2042
"HXHWL 39, H21OC_39",121.6308,0.362,5.9984,0.102,26,0.97,0.013,-1.517,0.063,-0.641,0.107,7.45,2.25,9.2737,68.8339
"HXHWL 42, H21OC_42",252.7757,0.174,-1.4155,0.081,51,0.874,0.041,-4.669,0.357,3.011,0.139,7.8,0.85,122.2444,-35.5422
"HXHWL 45, H21OC_45",111.3222,0.11,-2.4619,0.079,45,0.999,0.034,-0.37,0.11,-0.915,0.1,7.7,2.45,350.3208,58.363
"HXHWL 5, H21OC_5",228.9165,0.145,1.1235,0.072,22,1.174,0.024,-1.332,0.446,0.501,0.387,8.05,0.4,111.3215,-13.6562
"HXHWL 54, H21OC_54",221.5548,0.073,0.0517,0.091,26,0.945,0.026,-3.932,0.133,1.214,0.095,7.9,0.55,106.8613,-7.6444
"HXHWL 69, H21OC_69",234.1895,0.151,-12.2332,0.137,37,0.961,0.031,-1.523,0.05,2.462,0.093,8.65,0.35,101.1607,-24.3285
"Haffner_13",245.0215,0.345,-3.6187,0.201,227,1.783,0.056,-6.204,0.249,5.906,0.197,7.55,0.3,115.2389,-30.0423
"Harvard_10",329.8555,0.098,-3.356,0.118,75,1.451,0.031,-1.977,0.138,-10.622,0.126,7.8,0.6,244.8121,-54.9704
"Harvard_13",339.5898,0.106,-4.0749,0.103,227,0.832,0.031,-2.888,0.136,-7.198,0.133,9.0,1.75,255.9976,-48.1212
"IC_1396",99.3333,0.229,3.763,0.19,575,1.069,0.053,-2.374,0.409,-4.598,0.448,6.5,2.05,324.7692,57.5359
"IC_2391",270.4538,0.609,-6.7578,0.563,266,6.613,0.121,-24.786,1.048,23.33,0.876,7.8,0.4,130.3321,-53.0568
"IC_2395",266.5236,0.268,-3.6392,0.144,360,1.409,0.047,-4.464,0.22,3.365,0.24,6.9,0.25,130.4657,-48.0534
"IC_2602",289.6448,1.3,-4.9457,0.959,422,6.611,0.15,-17.763,1.238,10.62,1.18,7.5,0.05,160.7863,-64.4554
"IC_348",160.0393,0.828,-17.9753,0.793,648,3.261,0.174,4.86,1.382,-6.993,1.504,6.5,0.2,55.6207,32.3037
"IC_4651",340.0963,0.148,-7.8995,0.146,836,1.064,0.037,-2.429,0.206,-5.053,0.194,9.15,0.6,261.2016,-49.9226
"IC_4665",30.4775,0.356,17.0844,0.451,181,2.9,0.097,-0.87,0.256,-8.555,0.23,7.55,0.9,266.5116,5.5968
"IC_4725",13.6934,0.169,-4.4395,0.169,442,1.515,0.038,-1.687,0.216,-6.15,0.234,7.9,1.65,277.947,-19.1273
"IC_4756",36.3267,0.468,5.3155,0.392,568,2.109,0.063,1.278,0.269,-4.95,0.299,8.95,0.6,279.6599,5.435
"IC_5146",94.3825,0.059,-5.5061,0.038,102,1.293,0.064,-2.863,0.353,-2.728,0.477,6.4,2.85,328.3594,47.2574
"King_6",143.35,0.111,-0.0923,0.119,286,1.38,0.052,3.826,0.21,-1.905,0.193,7.65,2.15,51.993,56.443
"L_1641S",212.4527,1.573,-19.3755,0.536,781,2.347,0.145,0.259,0.546,-0.763,0.873,6.5,0.4,85.2807,-8.2941
"LDN_1251",114.9796,0.528,14.2892,0.324,118,2.91,0.084,7.388,0.782,0.401,0.593,6.75,0.3,341.264,75.1733
"LDN_988e",90.5241,0.138,2.2521,0.034,62,1.599,0.027,1.312,0.377,-3.575,0.325,6.1,1.15,316.0037,50.2386
"Loden_1002",309.6781,0.028,-2.9233,0.044,16,0.971,0.029,-6.334,0.059,-4.004,0.063,7.95,1.1,208.9449,-64.9489
"Loden_1194",312.4565,0.138,1.6984,0.075,44,1.35,0.039,-7.779,0.197,-4.593,0.147,7.8,0.9,212.0251,-59.7481
"Loden_46",282.5623,0.119,2.2441,0.064,29,0.894,0.023,-11.406,0.086,4.73,0.149,8.85,0.55,155.8854,-54.6704
"FoF_2139",157.3244,0.143,-1.4034,0.124,222,0.906,0.043,0.27,0.147,-4.27,0.138,7.6,2.5,67.6858,46.3043
"FoF_2198",210.8992,0.086,6.2511,0.056,95,0.823,0.033,0.666,0.102,-0.964,0.098,9.0,1.0,107.5111,4.6478
"FoF_2238",289.4565,0.061,3.4066,0.057,66,0.848,0.02,-7.443,0.077,0.71,0.105,8.9,0.5,167.7128,-56.8102
"FoF_2262",213.7316,0.145,-12.5931,0.105,115,1.178,0.093,-2.844,0.394,1.04,0.453,6.5,2.5,91.9645,-6.404
"FoF_2270",235.0831,0.268,-10.1978,0.206,175,1.124,0.061,-2.809,0.116,3.52,0.136,7.05,0.3,103.5913,-24.2677
"FoF_2287",255.5634,0.113,-4.683,0.099,61,0.947,0.028,-2.547,0.137,5.693,0.119,7.7,0.9,120.6389,-39.6419
"FoF_2290",282.0412,0.09,-4.9083,0.084,47,0.903,0.025,-7.07,0.095,4.154,0.127,7.8,0.7,147.291,-60.1634
"FoF_2293",19.2681,0.074,-2.1671,0.044,18,0.921,0.004,0.969,0.148,0.492,0.099,8.15,1.75,278.5024,-13.1399
"FoF_2295",100.812,0.21,-1.9326,0.208,212,0.915,0.033,-1.774,0.115,-2.354,0.142,8.15,1.05,333.0912,53.9629
"FoF_2302",221.2881,0.142,0.6044,0.133,103,1.146,0.044,-0.894,0.141,-1.197,0.121,7.9,0.4,107.2322,-7.1531
"FoF_2309",310.4268,0.084,-1.7486,0.069,69,1.033,0.024,-6.169,0.101,-1.683,0.108,8.65,1.25,209.9245,-63.6227
"FoF_2311",320.7101,0.075,-1.9413,0.122,127,1.175,0.056,-2.913,0.329,-2.948,0.262,6.55,1.55,229.9376,-59.5925
"FoF_2312",316.8619,0.058,-1.9333,0.085,48,0.931,0.031,-2.271,0.122,-1.878,0.094,7.7,2.1,223.1255,-61.4866
"FoF_2339",53.0866,0.195,1.757,0.131,83,0.926,0.041,-1.022,0.129,-6.157,0.14,7.6,3.2,290.7323,18.6924
"FoF_2371",201.477,1.123,-16.7731,1.289,509,2.561,0.23,-0.763,0.534,0.731,0.438,7.15,0.05,82.752,2.1571
"FoF_2382",204.9367,0.728,-14.7262,0.697,330,2.418,0.081,-0.9,1.048,-0.779,0.654,6.35,0.3,86.1465,0.2184
"FoF_2383",224.2362,1.129,-13.9503,1.101,542,2.712,0.195,-5.25,0.638,5.081,0.482,7.55,0.45,95.2103,-16.2147
"FoF_2387",260.6618,1.25,-10.3376,0.929,890,2.523,0.084,-4.759,0.424,8.906,0.519,7.05,0.3,117.4493,-46.8621
"FoF_2379",95.9247,0.701,-17.6081,0.86,412,1.991,0.08,-1.537,0.523,-5.677,0.648,7.15,0.4,339.4608,38.159
"FoF_2424",228.6449,0.448,2.6602,0.223,33,1.873,0.046,-5.783,0.216,-0.967,0.195,8.15,0.6,112.5765,-12.6857
"FoF_2428",133.4959,0.427,8.4813,0.25,136,2.279,0.049,1.464,0.189,-7.976,0.186,7.8,1.5,43.0165,68.8418
"FoF_2435",297.1742,0.323,-15.3302,0.724,172,5.247,0.13,-22.508,1.016,0.303,1.308,6.6,0.65,167.2933,-77.0444
"FoF_2439",218.4082,1.215,-2.2333,1.069,407,3.496,0.157,-7.324,0.426,-2.437,0.347,7.25,0.05,103.3665,-5.8912
"Lynga_2",313.837,0.134,-0.4429,0.087,147,1.048,0.034,-6.752,0.128,-4.655,0.108,7.85,1.05,216.0842,-61.3321
"Mamajek_2",17.0342,0.289,12.4887,0.331,29,5.118,0.076,-11.05,0.473,-20.922,0.521,7.85,1.0,264.3473,-8.0139
"Mamajek_4",344.1724,0.829,-16.8874,0.433,133,2.222,0.057,4.625,0.464,-20.897,0.779,7.9,0.55,276.567,-50.6084
"Melotte_111",222.5044,18.39,83.3681,1.658,99,11.665,0.259,-12.106,0.513,-8.951,0.745,8.75,0.35,185.5902,25.8388
"Melotte_20",147.3857,1.455,-6.4366,1.049,678,5.746,0.171,22.97,1.01,-25.431,1.078,7.8,0.55,51.6257,48.9318
"Melotte_22",166.4435,1.371,-23.5882,1.071,1349,7.365,0.206,19.995,1.25,-45.434,1.549,8.15,0.55,56.6061,24.1454
"Melotte_25",179.6266,3.011,-21.745,2.798,257,21.386,0.791,106.447,9.7,-26.814,10.525,8.75,0.55,66.9427,16.5581
"NGC_1027",135.7455,0.143,1.5411,0.135,422,0.889,0.044,-1.782,0.132,2.032,0.161,7.75,1.5,40.6571,61.6151
"NGC_1039",143.6873,0.297,-15.6331,0.275,611,2.007,0.059,0.646,0.233,-5.788,0.277,7.9,0.35,40.544,42.7317
"NGC_1333",161.8352,1.326,-16.2315,1.452,365,3.523,0.163,6.203,0.961,-9.731,0.967,7.25,0.85,58.5082,32.5158
"NGC_1342",154.9495,0.233,-15.3363,0.226,453,1.522,0.049,0.415,0.183,-1.672,0.173,8.5,1.5,52.9105,37.3827
"NGC_1444",148.1012,0.116,-1.3081,0.12,82,0.869,0.04,-0.767,0.224,-1.855,0.201,7.0,2.25,57.3442,52.6429
"NGC_1502",143.6721,0.061,7.6583,0.054,174,0.945,0.037,-0.685,0.168,-0.892,0.165,6.75,2.4,61.959,62.3324
"NGC_1528",152.0601,0.194,0.266,0.139,396,0.972,0.04,2.128,0.149,-2.298,0.133,8.4,1.2,63.8587,51.2187
"NGC_1545",153.3577,0.185,0.173,0.217,124,1.403,0.038,-2.042,0.155,-0.097,0.123,7.9,1.3,65.2237,50.246
"NGC_1579",165.3252,0.087,-9.0231,0.126,78,1.849,0.091,2.443,0.709,-5.097,0.73,6.25,3.9,67.5189,35.2847
"NGC_1582",159.3408,0.185,-3.0174,0.162,122,1.016,0.041,2.179,0.109,-1.399,0.09,7.9,1.35,67.9706,43.7306
"NGC_1647",180.3506,0.281,-16.7788,0.272,579,1.693,0.051,-1.08,0.245,-1.542,0.228,7.9,1.7,71.4819,19.1001
"NGC_1662",187.7503,0.531,-21.086,0.407,235,2.437,0.062,-1.138,0.204,-1.976,0.215,8.45,1.45,72.1662,10.9105
"NGC_1708",155.7481,0.146,6.8484,0.155,121,1.046,0.047,0.186,0.14,-1.432,0.096,7.6,1.9,75.8433,52.844
"NGC_1750",179.1499,0.243,-10.7005,0.226,325,1.383,0.052,-1.006,0.172,-2.411,0.171,7.9,1.4,75.957,23.6779
"NGC_1758",179.1635,0.117,-10.458,0.083,200,1.124,0.045,3.128,0.13,-3.497,0.123,8.85,1.25,76.1797,23.8099
"NGC_1901",278.7704,0.777,-33.6106,0.475,142,2.391,0.053,1.718,0.313,12.716,0.246,8.95,0.25,79.6505,-68.2291
"NGC_1912",172.2799,0.194,0.6989,0.165,934,0.881,0.046,1.542,0.16,-4.425,0.15,8.35,1.05,82.1913,35.8251
"NGC_1960",174.5441,0.089,1.0759,0.083,360,0.845,0.044,-0.219,0.166,-3.406,0.16,7.3,1.0,84.0852,34.134
"NGC_1977",208.9137,0.444,-19.3071,0.237,1075,2.495,0.089,1.417,0.589,-0.189,0.871,6.55,0.05,83.8459,-5.2732
"NGC_1980",209.377,0.721,-19.5763,0.363,1911,2.61,0.094,1.005,0.485,0.462,0.582,6.75,0.05,83.8028,-5.7846
"NGC_1981",206.8983,2.689,-22.0709,2.456,1236,3.019,0.167,0.703,0.625,-0.834,0.874,7.05,0.25,80.5135,-4.8556
"NGC_2112",205.8822,0.134,-12.6087,0.139,694,0.911,0.049,-2.707,0.155,4.282,0.147,9.15,2.45,88.4473,0.4044
"NGC_2168",186.6115,0.23,2.2262,0.214,1343,1.153,0.045,2.26,0.231,-2.886,0.218,7.9,0.95,92.2695,24.3322
"NGC_2169",195.6239,0.061,-2.9109,0.061,67,1.038,0.036,-1.127,0.188,-1.613,0.131,6.8,0.8,92.1295,13.9622
"NGC_2183",214.1223,0.337,-11.6601,0.384,164,1.181,0.048,-3.723,0.331,0.406,0.306,6.55,1.85,92.9763,-6.3306
"NGC_2184",209.6299,0.16,-10.855,0.162,78,1.735,0.038,-0.664,0.163,-0.236,0.178,8.95,0.65,91.701,-2.036
"NGC_2215",215.9762,0.102,-10.109,0.082,118,1.036,0.033,0.427,0.093,-3.677,0.087,8.7,0.9,95.1908,-7.2712
"NGC_2232",213.4561,2.651,-7.336,0.648,475,3.115,0.115,-4.575,0.387,-1.99,0.694,7.25,0.05,96.5589,-3.8014
"NGC_225",121.9679,0.251,-1.0617,0.168,94,1.453,0.038,-5.343,0.104,-0.195,0.129,7.9,1.1,10.8198,61.7948
"NGC_2264",203.0671,0.253,2.086,0.165,832,1.388,0.073,-1.827,0.533,-3.669,0.281,6.7,0.55,100.2034,9.7281
"NGC_2281",174.9348,0.28,16.8842,0.232,381,1.929,0.06,-2.979,0.205,-8.277,0.212,8.45,0.65,102.0901,41.0497
"NGC_2287",230.9911,0.263,-10.4304,0.212,600,1.359,0.038,-4.365,0.174,-1.358,0.166,8.05,0.25,101.5052,-20.7253
"NGC_2301",212.5502,0.159,0.2953,0.157,627,1.151,0.045,-1.361,0.185,-2.181,0.178,7.9,0.4,102.9482,0.4744
"NGC_2302",219.3033,0.083,-3.1204,0.072,106,0.827,0.053,-1.507,0.095,-0.237,0.088,7.8,0.85,102.9796,-7.0906
"NGC_2323",221.6584,0.203,-1.3197,0.191,1060,1.004,0.049,-0.771,0.307,-0.604,0.223,7.85,0.95,105.6789,-8.3658
"NGC_2343",224.2565,0.096,-1.1781,0.09,234,0.907,0.05,0.248,0.116,-0.165,0.11,7.9,0.85,107.0149,-10.6088
"NGC_2353",224.6809,0.095,0.4007,0.077,269,0.841,0.054,-1.102,0.122,0.783,0.124,7.8,0.6,108.6378,-10.255
"NGC_2358",231.0663,0.134,-2.2412,0.129,112,1.073,0.04,-1.348,0.1,0.575,0.082,8.6,0.5,109.289,-17.1351
"NGC_2360",229.8036,0.115,-1.4177,0.123,706,0.918,0.041,0.389,0.148,5.634,0.144,8.95,0.55,109.4353,-15.6347
"NGC_2422",230.955,0.267,3.1145,0.274,650,2.098,0.054,-7.036,0.312,1.031,0.275,7.9,0.4,114.1301,-14.4882
"NGC_2423",230.4988,0.171,3.5683,0.149,361,1.06,0.034,-0.737,0.129,-3.581,0.131,8.95,0.55,114.3109,-13.8697
"NGC_2447",240.0436,0.144,0.1506,0.128,708,0.992,0.035,-3.561,0.139,5.087,0.152,8.85,0.05,116.1429,-23.853
"NGC_2448",240.8746,0.211,-0.4172,0.145,154,0.899,0.046,-3.387,0.098,2.952,0.085,7.9,0.3,116.0585,-24.8565
"NGC_2451A",252.4521,0.98,-7.2648,0.815,362,5.202,0.118,-20.956,0.91,15.393,0.773,7.8,0.45,115.7621,-38.2766
"NGC_2451B",253.8414,2.655,-7.3659,1.031,1027,2.739,0.194,-9.551,0.995,4.822,0.49,7.5,0.55,116.5113,-39.5293
"NGC_2516",273.8529,0.652,-15.8808,0.575,2107,2.43,0.06,-4.636,0.596,11.21,0.503,7.9,0.55,119.5052,-60.7966
"NGC_2527",246.0976,0.187,1.8709,0.194,220,1.571,0.034,-5.554,0.14,7.343,0.14,8.95,0.2,121.2631,-28.1468
"NGC_2546",254.9206,0.307,-1.9754,0.183,365,1.07,0.035,-3.717,0.121,3.954,0.147,8.05,0.6,123.119,-37.6439
"NGC_2548",227.8464,0.275,15.3748,0.24,426,1.301,0.042,-1.282,0.145,1.042,0.156,8.65,0.15,123.4007,-5.7374
"NGC_2632",205.9391,1.065,32.3707,0.942,897,5.41,0.128,-35.902,1.319,-12.879,1.095,8.85,0.4,129.993,19.6118
"NGC_2669",270.8277,0.073,-6.0818,0.073,219,0.866,0.034,-4.104,0.115,4.689,0.11,7.85,0.9,131.5979,-52.9358
"NGC_2682",215.6857,0.224,31.9221,0.168,1120,1.153,0.045,-10.972,0.194,-2.922,0.191,9.65,0.1,132.8452,11.8188
"NGC_2925",275.9628,0.103,-1.2488,0.115,124,1.322,0.038,-8.502,0.177,5.394,0.134,7.9,0.4,143.3347,-53.4129
"NGC_3114",283.254,0.241,-3.8104,0.206,1160,0.981,0.031,-7.374,0.198,3.808,0.207,8.05,0.5,150.5607,-60.0502
"NGC_3228",280.7412,0.281,4.4945,0.245,107,2.079,0.052,-14.848,0.218,-0.609,0.227,7.5,0.4,155.3567,-51.7949
"NGC_3532",289.5552,0.428,1.3809,0.365,2236,2.089,0.045,-10.404,0.423,5.232,0.452,8.45,0.35,166.4109,-58.7158
"NGC_3680",286.7571,0.116,16.9288,0.069,83,0.946,0.024,-7.253,0.109,1.223,0.108,9.25,0.25,171.4045,-43.2313
"NGC_381",124.9439,0.068,-1.2194,0.079,199,0.855,0.035,1.599,0.112,-2.33,0.134,8.4,1.5,17.0898,61.5862
"NGC_457",126.6342,0.189,-4.3192,0.049,18,1.244,0.025,-1.699,0.072,-0.444,0.094,7.55,1.25,19.9079,58.3497
"NGC_5460",315.7557,0.209,12.7132,0.193,163,1.373,0.045,-6.644,0.182,-3.39,0.16,7.9,0.5,211.8378,-48.2593
"NGC_5593",316.3418,0.108,5.619,0.071,82,0.956,0.035,-5.81,0.103,-2.06,0.116,7.9,1.05,216.4484,-54.7773
"NGC_5662",316.8541,0.207,3.3685,0.193,214,1.294,0.032,-6.471,0.136,-7.212,0.171,7.9,1.15,218.7836,-56.674
"NGC_5749",319.5288,0.067,4.5404,0.065,68,0.9,0.034,-2.758,0.1,-3.045,0.122,7.95,1.2,222.2238,-54.502
"NGC_5822",321.5503,0.203,3.617,0.216,593,1.201,0.035,-7.478,0.194,-5.48,0.192,8.95,0.55,226.033,-54.3866
"NGC_6025",324.5293,0.136,-5.873,0.128,198,1.291,0.029,-2.962,0.167,-3.046,0.169,7.9,0.7,240.7736,-60.4377
"NGC_6087",327.7566,0.089,-5.3978,0.079,130,1.029,0.037,-1.635,0.145,-2.398,0.136,7.8,0.85,244.7125,-57.8936
"NGC_6124",340.7232,0.21,6.0259,0.186,943,1.599,0.043,-0.22,0.323,-2.099,0.346,7.9,2.75,246.3081,-40.6591
"NGC_6134",334.9111,0.09,-0.2135,0.091,689,0.878,0.047,2.141,0.182,-4.444,0.175,8.95,1.4,246.9529,-49.1669
"NGC_6178",338.4025,0.045,1.2222,0.039,52,1.111,0.033,0.412,0.108,-3.374,0.137,6.9,0.85,248.9315,-45.6373
"NGC_6193",336.6572,0.139,-1.5681,0.094,454,0.841,0.05,1.217,0.353,-4.079,0.325,6.3,2.05,250.2734,-48.7998
"NGC_6204",338.5544,0.056,-1.0446,0.053,311,0.831,0.054,-0.736,0.184,-0.619,0.15,7.6,1.7,251.538,-47.024
"NGC_6208",333.7435,0.093,-5.7496,0.086,299,0.849,0.031,-1.006,0.14,-1.528,0.13,9.25,0.8,252.335,-53.727
"NGC_6249",341.5499,0.041,-1.2009,0.04,65,0.836,0.036,1.624,0.133,-3.406,0.1,7.15,1.55,254.4487,-44.8112
"NGC_6250",340.6722,0.081,-1.9239,0.037,98,1.007,0.038,0.374,0.16,-2.402,0.144,7.2,1.45,254.4782,-45.9479
"NGC_6281",347.7665,0.175,1.9902,0.159,470,1.884,0.045,-1.902,0.288,-4.051,0.25,8.45,0.75,256.1805,-37.9457
"NGC_6383",355.6718,0.026,0.0538,0.033,137,0.883,0.05,2.541,0.194,-1.747,0.207,6.55,1.4,263.6759,-32.5749
"NGC_6405",356.5774,0.169,-0.7643,0.187,520,2.177,0.053,-1.354,0.346,-5.858,0.293,7.6,0.65,265.0691,-32.2492
"NGC_6416",356.9038,0.067,-1.4959,0.092,85,0.917,0.031,-1.96,0.119,-2.351,0.114,7.75,1.2,266.0082,-32.3575
"NGC_6425",357.9552,0.049,-1.5662,0.058,73,0.984,0.023,3.797,0.147,-1.686,0.104,8.65,1.15,266.7238,-31.4969
"NGC_6475",355.8541,0.493,-4.4891,0.448,908,3.584,0.077,3.033,0.592,-5.37,0.551,8.15,0.5,268.4464,-34.7932
"NGC_6494",9.8854,0.214,2.866,0.185,727,1.369,0.043,0.305,0.23,-1.844,0.228,8.45,1.45,269.2332,-18.9762
"NGC_6531",7.6507,0.087,-0.3508,0.058,272,0.807,0.046,0.535,0.18,-1.476,0.216,6.75,1.1,271.0363,-22.5112
"NGC_6568",9.4011,0.103,-1.6738,0.087,201,0.927,0.032,0.581,0.169,-1.422,0.146,8.75,1.2,273.2007,-21.6224
"NGC_6633",36.1154,0.395,8.3418,0.348,359,2.539,0.064,1.224,0.368,-1.808,0.372,8.65,0.85,276.8462,6.6068
"NGC_6709",42.1342,0.112,4.7123,0.11,283,0.925,0.039,1.45,0.14,-3.528,0.141,8.15,1.15,282.8339,10.3294
"NGC_6793",56.1726,0.17,3.3205,0.13,190,1.678,0.038,3.795,0.183,3.552,0.158,7.85,1.4,290.8079,22.1483
"NGC_6800",59.1853,0.165,3.979,0.111,92,0.953,0.024,0.445,0.108,-0.855,0.073,8.45,1.4,291.7191,25.1109
"NGC_6811",79.2001,0.148,11.9965,0.12,294,0.88,0.029,-3.352,0.115,-8.81,0.116,8.95,0.4,294.3378,46.371
"NGC_6858",52.5164,0.338,-9.9133,0.323,23,2.151,0.068,-1.66,0.641,-11.882,0.532,8.15,0.25,300.9838,12.437
"NGC_6882",65.5862,0.187,-3.8361,0.12,15,2.089,0.033,1.749,0.105,-9.307,0.158,7.85,0.4,302.8155,26.6556
"NGC_6940",69.8798,0.174,-7.1549,0.143,516,0.958,0.032,-1.949,0.147,-9.437,0.147,8.95,0.8,308.6285,28.2944
"NGC_6991",87.3614,0.23,1.5569,0.204,147,1.771,0.032,5.622,0.191,8.402,0.174,8.95,0.65,313.6553,47.395
"NGC_6997",85.4682,0.133,-0.5029,0.124,394,1.131,0.03,-4.293,0.167,-6.925,0.171,8.65,2.2,314.1537,44.6189
"NGC_7023",105.0322,1.374,14.0614,0.378,98,2.905,0.077,7.815,0.562,-1.086,0.553,6.75,0.45,317.3295,68.7992
"NGC_7024",84.2948,0.074,-3.8606,0.051,49,0.838,0.024,0.018,0.062,-4.51,0.092,7.65,2.25,316.5481,41.5218
"NGC_7039",87.8548,0.093,-1.7095,0.133,145,1.311,0.062,-0.254,0.199,-2.595,0.28,6.9,0.1,317.6808,45.5957
"NGC_7058",92.8153,0.4,0.6009,0.283,222,2.742,0.065,7.442,0.328,2.763,0.322,7.7,0.55,320.3652,50.7674
"NGC_7063",83.0755,0.103,-9.8983,0.107,93,1.493,0.026,1.506,0.121,-2.524,0.136,7.85,0.4,321.1161,36.4876
"NGC_7092",92.2615,0.993,-2.2564,0.533,210,3.367,0.077,-7.466,0.4,-19.786,0.473,8.1,0.4,322.8095,48.3266
"NGC_7129",105.4176,0.052,9.889,0.051,45,1.133,0.054,-1.727,0.222,-3.413,0.297,6.75,2.75,325.7635,66.125
"NGC_7160",103.984,0.127,6.3832,0.127,125,1.085,0.038,-3.476,0.147,-1.4,0.166,6.9,1.3,328.4708,62.5284
"NGC_7209",95.4889,0.151,-7.3042,0.134,208,0.816,0.029,2.298,0.09,0.258,0.098,8.4,0.85,331.241,46.5067
"NGC_7243",98.8138,0.203,-5.5826,0.145,295,1.127,0.034,0.438,0.12,-2.896,0.123,7.9,0.9,333.7798,49.8257
"NGC_743",131.2324,0.158,-1.6618,0.117,162,0.917,0.049,-0.075,0.162,-1.727,0.139,7.6,1.9,29.6971,60.1201
"NGC_752",136.9561,0.5,-23.3115,0.291,285,2.27,0.053,9.774,0.295,-11.845,0.278,9.15,0.25,29.2121,37.7725
"NGC_7762",117.2037,0.116,5.8515,0.111,509,1.034,0.029,1.478,0.152,3.98,0.18,9.15,2.6,357.4651,68.0358
"NGC_886",132.8946,0.224,2.706,0.166,171,0.966,0.032,3.111,0.105,-4.054,0.114,8.65,1.95,35.8865,63.7817
"PHOC_31",290.9307,0.075,1.1777,0.086,58,0.933,0.026,-6.847,0.099,2.365,0.123,7.9,0.45,168.7353,-59.4268
"PHOC_39",27.1915,0.367,2.5963,0.181,84,2.616,0.038,2.055,0.202,-8.982,0.239,7.25,3.0,277.9215,-3.9147
"PHOC_40",47.6006,0.381,2.2564,0.225,18,3.018,0.038,-1.537,0.357,-9.44,0.163,8.9,0.35,287.6104,14.0725
"PHOC_41",63.2382,0.393,14.7644,0.379,75,3.474,0.077,1.858,0.207,-3.864,0.273,7.6,0.55,282.5639,33.4002
"PHOC_5",221.3243,0.236,-0.9112,0.213,65,0.811,0.027,-0.656,0.176,-0.996,0.197,7.6,1.0,105.8912,-7.8818
"Pismis_4",262.9705,0.316,-2.2858,0.249,139,1.452,0.034,-8.197,0.169,5.396,0.155,7.9,0.3,128.9113,-44.4109
"Pismis_5",259.8807,0.293,0.5896,0.37,634,1.082,0.066,-5.555,0.375,3.762,0.673,6.55,1.35,129.4943,-40.2127
"Pismis_Moreno_1",106.6583,0.119,5.2499,0.121,136,1.079,0.037,-2.341,0.682,-2.333,0.365,6.75,2.0,334.6466,63.1851
"Platais_10",309.3643,0.325,2.9808,0.391,37,4.175,0.099,-30.316,0.615,-10.335,0.467,8.05,0.5,205.502,-59.2579
"Platais_12",309.3236,0.781,-1.5529,0.367,147,2.236,0.048,-8.435,0.4,-5.365,0.436,7.9,0.55,207.406,-63.7002
"Platais_3",139.0451,0.915,15.8372,0.675,81,5.598,0.107,3.787,1.129,-20.702,0.731,8.2,0.3,69.0864,71.2642
"Platais_8",277.0005,2.334,-7.3918,1.507,211,7.358,0.192,-15.744,1.641,14.079,1.579,7.5,0.05,136.8285,-58.4731
"Platais_9",267.19,1.388,3.3212,0.885,138,5.369,0.186,-24.156,1.252,13.126,0.582,7.8,0.35,138.689,-44.0061
"Pozzo_1",262.2347,1.068,-7.2414,0.942,1081,2.847,0.144,-6.549,0.437,9.497,0.587,7.05,0.2,122.4936,-46.6233
"Roslund_5",71.4539,0.207,0.112,0.211,119,1.847,0.025,2.064,0.146,-1.194,0.147,7.85,0.5,302.6973,33.7237
"Roslund_6",79.3911,2.062,1.082,1.158,1000,2.81,0.155,5.43,1.243,1.335,1.281,7.9,0.35,307.345,40.8161
"RSG_1",167.7914,0.514,-2.6767,0.364,114,3.035,0.059,0.703,0.285,-12.423,0.263,8.05,0.9,75.5109,37.5082
"RSG_5",83.105,2.664,6.2111,0.93,841,2.928,0.162,3.533,0.853,1.893,0.726,7.6,0.5,304.4401,46.7873
"RSG_7",107.9729,1.673,0.3092,0.727,356,2.303,0.166,5.129,0.809,-1.681,1.021,7.55,1.0,342.2167,59.573
"RSG_8",109.7531,1.629,-1.1938,1.039,965,2.139,0.186,5.807,0.947,-1.665,0.779,7.25,1.15,346.6194,58.9659
"Ruprecht_108",308.2319,0.042,3.9554,0.057,35,1.007,0.037,-8.984,0.108,-2.289,0.115,7.85,0.75,203.0169,-58.4976
"Ruprecht_135",16.4075,0.061,6.2826,0.046,59,0.902,0.04,1.434,0.149,-1.424,0.098,8.55,2.4,269.5002,-11.6372
"Ruprecht_145",16.4586,0.168,-8.0311,0.149,109,1.66,0.033,8.319,0.189,-4.14,0.225,8.8,1.05,282.6366,-18.2765
"Ruprecht_151",233.0471,0.076,3.231,0.073,30,0.908,0.028,-4.259,0.098,3.368,0.103,8.8,0.4,115.2947,-16.2535
"Ruprecht_161",284.6396,0.076,-4.2646,0.094,28,1.108,0.014,-10.402,0.07,3.799,0.126,7.7,0.45,152.2891,-61.2329
"Ruprecht_26",231.9788,0.105,2.7127,0.12,65,0.908,0.029,-3.233,0.079,0.122,0.069,7.25,0.25,114.2815,-15.5771
"Ruprecht_31",249.5116,1.313,-6.0043,0.389,88,2.313,0.091,-8.168,0.448,4.314,0.183,7.55,0.6,115.3665,-35.1113
"Ruprecht_91",286.8857,0.13,1.4666,0.106,178,0.95,0.025,-11.231,0.107,2.467,0.118,7.9,0.4,161.9131,-57.4969
"Ruprecht_98",297.404,0.407,-2.2863,0.279,83,2.103,0.042,-4.116,0.279,-8.648,0.194,8.55,0.85,179.8918,-64.5999
"Sigma_Orionis",206.8126,0.264,-17.3473,0.385,311,2.495,0.083,1.545,0.651,-0.485,0.618,6.5,0.15,84.6749,-2.6022
"Stephenson_1",65.7627,3.757,15.0602,1.577,1358,2.78,0.139,1.15,0.784,-3.014,1.079,7.55,0.45,283.3874,35.7622
"Stock_1",60.2069,0.522,2.0637,0.323,132,2.457,0.043,6.059,0.3,0.195,0.21,7.9,0.9,294.1153,25.0876
"Stock_10",171.7298,0.537,3.5899,0.41,195,2.795,0.073,-3.155,0.25,-0.417,0.223,7.9,0.5,84.8552,37.854
"Stock_12",111.5168,0.446,-8.4798,0.272,161,2.28,0.052,8.535,0.234,-1.883,0.253,7.9,0.35,354.0076,52.7126
"Stock_2",133.4158,0.935,-1.5879,0.574,1471,2.674,0.078,15.812,0.771,-13.75,0.657,8.45,1.3,33.899,59.5599
"Stock_23",140.1129,0.276,2.2154,0.214,50,1.637,0.029,-4.31,0.174,-1.005,0.16,7.7,1.1,49.2221,60.1423
"Stock_5",130.7126,0.104,2.6066,0.095,99,1.036,0.032,-0.821,0.104,-2.201,0.092,7.4,1.85,31.08,64.3717
"Stock_7",134.6945,0.148,0.0339,0.173,140,1.471,0.04,-3.549,0.172,0.47,0.17,7.7,1.9,37.4293,60.6414
"Taurus",170.7675,3.153,-15.648,0.786,121,7.724,0.187,8.308,1.276,-24.137,3.338,6.7,0.55,66.0163,26.8901
"Teutsch_35",69.589,0.31,7.1849,0.264,136,2.011,0.035,-0.65,0.161,-2.456,0.155,7.9,0.25,294.1416,35.7467
"Teutsch_38",259.0758,0.275,3.2774,0.232,37,1.513,0.032,-8.509,0.118,3.669,0.128,7.45,0.2,131.5876,-37.9255
"Teutsch_39",97.8618,0.869,-16.4808,0.532,157,2.303,0.083,-2.014,0.369,-5.261,0.337,7.05,0.1,340.7919,40.0654
"Theia_10",112.049,0.694,13.864,0.254,91,2.92,0.067,5.367,0.407,1.657,0.324,6.55,0.05,333.2476,73.292
"Theia_1024",260.4576,0.104,4.7036,0.205,18,2.001,0.061,-5.317,0.625,5.341,0.948,8.65,0.2,134.0967,-38.0854
"Theia_1079",259.0441,0.168,-3.3841,0.126,45,1.241,0.022,-4.74,0.112,10.281,0.11,8.05,0.95,124.5682,-41.8522
"Theia_116",194.8684,1.573,-2.0354,0.849,153,4.835,0.27,5.895,0.834,-17.202,1.106,7.65,0.25,92.5453,15.0458
"Theia_1179",260.5848,0.243,-2.8672,0.132,39,1.015,0.032,-0.924,0.152,1.57,0.193,8.7,1.05,126.3262,-42.8245
"Theia_1188",90.6583,0.363,-24.2317,0.32,23,3.116,0.057,-7.852,0.215,-4.356,0.128,8.95,0.5,338.6732,29.9368
"Theia_136",97.6783,1.943,-3.2605,1.113,64,3.637,0.301,9.667,1.103,-0.476,0.666,7.7,0.4,330.2073,51.0498
"Theia_1362",167.59,0.796,-4.7976,0.272,28,2.868,0.087,3.242,0.337,-10.775,0.443,8.5,1.8,73.2745,36.3493
"Theia_15",216.3423,0.176,-15.1375,0.381,123,1.205,0.063,-1.954,0.38,1.718,0.355,6.5,0.05,90.7795,-9.7983
"Theia_164",109.5856,2.298,-1.9046,0.995,149,3.027,0.178,13.553,1.436,1.258,1.2,7.9,0.9,346.8585,58.2463
"Theia_178",96.2,1.559,1.2321,0.478,169,2.135,0.132,3.328,1.3,-0.39,1.252,7.9,0.8,323.6475,53.5608
"Theia_19",118.9313,0.294,3.123,0.131,46,1.398,0.036,2.466,0.254,-2.387,0.184,6.25,1.9,3.1164,65.6916
"Theia_232",126.0581,1.333,-12.0355,0.581,39,3.11,0.105,15.435,0.491,-7.238,0.671,7.6,0.4,17.692,50.7189
"Theia_24",316.4942,0.07,21.1738,0.057,21,1.459,0.048,-8.957,0.282,-0.666,0.21,6.9,2.15,209.432,-39.9458
"Theia_246",301.3054,1.273,-3.156,0.362,157,2.452,0.073,-13.657,1.149,-2.705,1.042,7.55,1.0,188.8675,-65.9773
"Theia_248",95.9205,0.831,0.9704,0.345,67,2.079,0.053,8.729,0.474,6.471,0.329,7.8,1.05,323.5973,53.1792
"Theia_31",254.2964,0.479,2.1397,0.408,119,2.803,0.046,-6.978,0.259,10.874,0.276,6.85,0.15,126.8871,-34.7998
"Theia_314",63.5563,0.448,-18.4235,0.337,28,2.722,0.051,5.329,0.283,-4.695,0.152,7.8,0.35,314.428,16.6199
"Theia_322",122.6539,1.122,-12.652,0.597,260,2.186,0.073,7.351,0.234,-3.107,0.324,7.9,0.4,12.4355,50.2188
"Theia_35",232.4612,0.671,-4.314,0.291,53,2.403,0.095,-8.093,0.657,3.683,0.199,7.55,0.45,108.0306,-19.3277
"Theia_366",231.595,0.163,-4.2442,0.099,20,1.032,0.025,-3.591,0.096,0.396,0.093,7.75,0.4,107.6782,-18.5277
"Theia_383",217.5115,0.415,9.2721,0.354,46,2.147,0.079,-1.761,0.228,-0.3,0.267,8.45,0.4,113.1902,0.1913
"Theia_387",169.6452,0.199,-0.4544,0.216,25,1.871,0.054,-0.55,0.055,-9.243,0.075,7.8,0.85,79.1487,37.343
"Theia_446",125.8488,1.873,-0.4963,0.824,121,2.612,0.13,7.862,0.546,-4.104,0.913,7.85,0.9,19.1302,62.2333
"Theia_47",152.6994,0.158,1.7166,0.223,43,1.305,0.05,0.77,0.212,-3.86,0.457,7.7,2.2,66.228,51.8007
"Theia_470",72.7535,0.348,1.763,0.18,51,1.494,0.028,1.056,0.208,-1.725,0.243,7.8,0.75,301.8701,35.7116
"Theia_521",113.0406,1.711,14.206,0.558,17,2.978,0.142,2.241,1.199,4.203,1.723,8.55,0.75,335.3641,74.1227
"Theia_54",173.496,1.355,-7.7304,1.016,43,6.376,0.11,4.139,0.455,-25.168,1.053,6.75,0.3,74.871,29.9246
"Theia_540",74.0642,0.147,7.4408,0.155,15,2.127,0.088,1.598,0.771,-0.582,1.388,8.9,0.85,296.5669,39.7586
"Theia_558",206.5226,0.137,-4.4635,0.161,19,1.406,0.023,-0.651,0.099,-1.81,0.094,8.45,1.6,95.9528,3.6443
"Theia_58",248.4007,0.689,-0.2507,0.552,150,2.034,0.092,-8.959,0.448,5.48,0.355,7.5,0.35,120.609,-31.2259
"Theia_592",138.933,0.131,-0.9153,0.2,36,1.118,0.037,1.822,1.127,-2.962,1.545,8.85,2.25,44.2065,58.0071
"Theia_614",193.7372,0.771,-6.7487,0.207,18,2.327,0.08,-0.095,1.317,-5.828,0.677,8.1,0.45,87.7361,13.7094
"Theia_619",97.4297,7.264,-1.5592,1.147,1082,2.252,0.188,3.906,1.251,-1.916,1.2,7.25,0.2,328.2058,52.2389
"Theia_65",183.3946,1.175,-4.931,0.779,17,9.199,0.064,6.156,1.336,-37.341,0.893,7.2,0.05,83.7417,23.4493
"Theia_66",179.2558,0.669,-19.8651,0.275,31,6.874,0.114,12.278,0.562,-18.898,1.066,6.55,0.15,68.2448,18.0101
"Theia_667",114.1028,0.322,2.6131,0.268,39,1.263,0.024,-4.888,0.175,-4.823,0.235,8.05,1.25,352.3338,64.0684
"Theia_68",180.7532,0.597,-5.7102,0.721,25,6.259,0.105,3.754,0.371,-25.787,0.573,7.05,0.05,81.4515,25.23
"Theia_684",167.557,0.83,10.7071,0.683,23,4.739,0.132,-4.068,0.315,-7.925,0.324,8.85,0.15,90.319,45.0002
"Theia_743",293.5445,0.126,0.7906,0.13,33,1.517,0.024,-14.445,0.125,2.683,0.145,7.9,0.45,173.4201,-60.6561
"Theia_759",233.9408,0.217,-0.42,0.143,27,1.333,0.018,-5.253,0.141,0.389,0.202,7.9,0.4,112.4033,-18.8085
"Theia_792",193.4473,1.118,5.7511,0.462,50,4.732,0.113,2.966,0.697,-10.867,1.175,8.0,0.25,99.0689,19.9413
"Theia_824",104.4523,1.349,-13.6366,0.642,150,2.062,0.107,-0.737,0.435,-3.433,0.811,7.25,0.15,346.8075,45.4631
"Theia_862",136.3448,0.37,-3.6245,0.231,28,1.412,0.025,0.163,0.075,-3.618,0.09,8.9,1.3,37.7511,56.632
"Theia_896",44.2746,0.223,-2.5524,0.118,37,1.14,0.035,0.836,0.153,-3.502,0.179,7.8,1.95,290.3752,8.8913
"Theia_900",135.0969,0.104,-1.2413,0.146,32,1.106,0.032,3.539,0.686,-2.826,0.559,8.45,2.1,37.2371,59.3077
"Theia_93",181.012,0.369,-6.2139,0.848,38,5.603,0.142,1.209,0.575,-18.119,0.51,6.75,0.05,81.1465,24.7365
"Theia_97",232.351,2.49,-11.5675,1.26,281,2.447,0.133,-4.914,0.655,5.827,0.654,7.6,0.4,101.0036,-22.4157
"Theia_974",119.2214,0.071,2.3569,0.049,32,1.333,0.035,-0.904,0.071,0.607,0.105,7.7,2.0,4.0669,64.975
"Theia_98",82.9543,0.549,1.3042,0.366,54,2.089,0.082,3.095,0.685,-0.554,0.684,7.7,0.65,309.9862,43.8042
"Trumpler_10",268.4979,7.885,0.1833,1.203,3311,2.327,0.187,-13.098,1.722,6.25,1.171,7.6,0.3,136.6869,-47.1031
"Trumpler_2",137.438,0.229,-3.9451,0.181,220,1.449,0.04,1.525,0.154,-5.381,0.195,7.9,1.2,39.3397,55.9145
"Trumpler_3",138.0025,0.232,4.5444,0.173,253,1.479,0.046,-3.405,0.162,-0.153,0.132,7.6,1.15,47.988,63.2278
"Turner_5",264.4747,0.724,11.3291,0.637,51,2.403,0.095,0.161,0.314,-3.034,0.418,8.05,0.5,143.5823,-36.425
"UBC_1",87.6033,0.814,19.7997,0.417,122,3.084,0.062,-2.471,0.35,3.728,0.386,7.9,0.35,287.959,56.8904
"UBC_10a",102.5702,0.129,7.3507,0.124,70,1.086,0.025,-2.043,0.092,-3.107,0.087,7.05,1.3,324.8039,62.3574
"UBC_10b",102.7917,0.308,5.6107,0.149,43,1.065,0.055,-3.409,0.249,-1.905,0.306,8.65,1.7,327.5543,61.1809
"UBC_12",231.6027,0.236,16.2023,0.255,22,2.249,0.055,-8.332,0.16,4.161,0.32,8.55,0.6,125.9845,-8.4162
"UBC_120",45.3236,0.042,4.9031,0.058,35,0.856,0.032,1.11,0.096,1.374,0.097,7.55,1.6,284.1207,13.2535
"UBC_129",63.6095,0.209,-1.0857,0.181,185,0.853,0.028,-1.002,0.096,-4.353,0.115,7.5,1.9,299.0376,26.4461
"UBC_150",86.4378,0.091,-11.5571,0.067,21,1.16,0.031,-4.15,0.057,-6.756,0.131,8.1,0.95,325.5468,37.5619
"UBC_157",96.1247,0.091,-3.7539,0.112,53,0.838,0.024,2.069,0.06,-0.3,0.086,7.7,0.95,328.7587,49.7101
"UBC_159",96.5874,0.315,-15.8656,0.561,304,2.018,0.076,-2.091,0.368,-4.628,0.632,6.7,0.05,339.0065,39.9797
"UBC_168",102.5727,0.23,1.2247,0.109,75,1.085,0.029,1.787,0.098,1.546,0.09,8.15,1.7,332.4377,57.5592
"UBC_177",110.5167,0.078,7.4221,0.153,62,0.871,0.026,-1.931,0.139,-1.054,0.134,7.4,2.65,339.7262,67.0428
"UBC_178",110.2405,0.692,2.7302,0.222,1913,1.187,0.062,-1.16,0.757,-2.364,0.559,6.5,2.8,344.2262,62.7451
"UBC_179",112.0179,0.15,-1.5143,0.122,114,0.821,0.028,-2.845,0.084,-3.093,0.103,8.35,2.1,350.9711,59.4894
"UBC_181",117.4358,0.112,1.2249,0.079,49,0.899,0.033,-2.604,0.099,-1.417,0.087,8.65,1.65,0.4383,63.5652
"UBC_183",118.519,0.127,-6.8837,0.103,57,0.912,0.028,0.694,0.08,-2.568,0.089,7.9,0.9,5.0646,55.7207
"UBC_187",130.2743,0.268,11.1158,0.259,249,1.094,0.05,-1.507,0.273,-1.72,0.284,6.5,0.05,37.5965,72.5618
"UBC_199",172.7872,0.089,-15.6502,0.091,46,0.84,0.028,2.877,0.115,-1.847,0.069,8.9,1.45,67.4561,25.4367
"UBC_216",217.0039,0.111,-4.8192,0.109,132,0.843,0.05,-0.093,0.128,-0.886,0.124,8.8,0.9,100.4108,-5.813
"UBC_247",267.2184,0.109,-7.2,0.092,69,0.877,0.03,-5.046,0.104,6.176,0.1,7.9,1.35,126.6879,-50.7211
"UBC_250",273.1342,0.07,-16.2955,0.071,24,1.055,0.022,-3.483,0.138,10.973,0.111,8.55,0.55,118.1138,-60.3702
"UBC_255",276.7618,0.054,-12.498,0.078,42,1.058,0.023,-4.832,0.144,2.891,0.094,9.3,0.55,128.5289,-61.4624
"UBC_26",53.804,0.261,7.7038,0.159,50,1.701,0.037,2.14,0.177,-5.387,0.162,7.25,1.0,285.4373,22.046
"UBC_260",286.5422,0.304,-14.0727,0.206,41,1.831,0.038,-7.676,0.151,8.062,0.218,7.8,0.25,140.0824,-69.8963
"UBC_27",52.002,0.107,-2.743,0.071,79,0.879,0.032,-0.797,0.086,-6.251,0.08,8.5,2.0,294.3207,15.5825
"UBC_302",318.0962,0.123,4.2374,0.065,42,0.825,0.025,-4.933,0.094,-4.132,0.092,8.65,1.1,220.195,-55.382
"UBC_31",162.5967,2.399,-14.6932,1.374,1467,2.725,0.253,3.487,0.662,-5.336,1.12,7.05,0.75,60.3842,33.1645
"UBC_32",18.597,0.525,-3.3288,0.324,37,3.552,0.032,-1.745,0.354,-9.42,0.278,7.9,1.25,279.2491,-14.268
"UBC_340",7.0093,0.033,-0.2762,0.032,45,0.831,0.049,0.605,0.345,-1.761,0.283,6.9,2.1,270.6234,-23.0328
"UBC_385",98.5411,0.1,8.0032,0.071,36,1.187,0.027,-2.521,0.105,-3.517,0.115,6.9,1.55,317.9525,60.014
"UBC_386",100.524,0.144,8.7196,0.113,45,0.817,0.026,-3.488,0.135,-3.445,0.124,6.7,2.05,319.6481,61.9339
"UBC_392",108.4478,0.38,6.3428,0.184,330,1.068,0.044,-1.091,0.998,-2.889,0.702,7.1,2.45,336.7256,65.0672
"UBC_394",108.5325,0.09,-0.323,0.053,58,1.099,0.035,2.201,0.081,0.028,0.107,7.85,2.6,343.7533,59.2544
"UBC_396",109.4885,0.164,7.391,0.208,67,0.957,0.032,-2.166,0.203,-2.545,1.086,7.2,2.95,337.5341,66.5012
"UBC_415",131.526,0.129,12.0467,0.094,25,1.124,0.039,-1.331,0.137,-1.68,0.352,7.05,1.3,42.6588,72.8982
"UBC_444",220.1486,0.125,-0.9369,0.079,71,0.897,0.041,-1.489,0.09,-2.441,0.108,7.75,0.8,105.3256,-6.8484
"UBC_480",264.7182,0.977,-10.855,0.58,281,2.089,0.092,-5.095,0.421,5.753,0.259,7.3,0.75,119.7312,-50.5908
"UBC_5",331.9516,0.157,4.6354,0.145,43,1.756,0.019,-6.633,0.175,-4.144,0.162,7.9,1.2,238.7113,-47.6341
"UBC_51",149.2413,0.189,-0.5598,0.22,112,0.919,0.056,-0.28,0.125,-1.328,0.149,6.9,1.85,59.5747,52.4954
"UBC_533",324.3588,0.046,3.3547,0.073,35,0.843,0.025,-1.757,0.114,-1.313,0.092,7.95,0.9,230.3275,-53.1658
"UBC_54",155.7964,0.163,-2.7722,0.151,206,0.914,0.05,3.269,0.124,-3.8,0.11,8.35,1.25,64.7199,46.4375
"UBC_56",157.4709,0.166,0.5053,0.129,117,1.146,0.042,1.5,0.122,-4.073,0.1,7.75,2.4,69.89,47.486
"UBC_563",353.8708,0.077,5.9775,0.038,54,0.885,0.031,-0.519,0.109,-4.168,0.115,8.05,2.1,256.7514,-30.6832
"UBC_582",74.3279,0.121,4.6277,0.05,49,0.887,0.032,-3.019,0.054,-7.883,0.104,7.05,0.3,299.8691,38.5636
"UBC_7",248.651,0.796,-13.3554,0.626,307,3.607,0.106,-9.721,0.404,7.073,0.425,7.55,0.4,106.729,-37.6518
"UBC_8",154.8717,0.304,13.3332,0.229,168,2.087,0.049,-3.239,0.217,-3.992,0.181,8.15,1.3,84.4559,57.145
"UBC_88",152.746,0.124,-6.1559,0.131,102,1.037,0.044,-1.452,0.136,-3.019,0.111,7.65,1.45,58.182,45.959
"UBC_9",54.5563,0.485,16.9917,0.581,125,2.874,0.117,0.428,0.323,-5.337,0.26,7.55,0.6,276.4812,26.5459
"UFMG30",339.7903,0.088,-5.3927,0.062,50,0.847,0.03,-0.529,0.151,-0.872,0.116,7.8,1.45,257.7718,-48.7465
"UFMG65",352.4786,0.115,3.1049,0.535,103,0.924,0.041,1.613,0.2,-1.667,0.336,6.75,1.1,258.5247,-33.4977
"UPK_113",79.3419,0.134,-9.2866,0.171,17,1.424,0.036,2.202,0.098,-2.39,0.175,7.55,0.35,317.4675,34.2344
"UPK_116",80.6415,0.647,-2.5883,0.392,52,2.319,0.061,3.309,0.156,-2.969,0.3,7.7,0.35,312.1553,39.5759
"UPK_119",82.0279,0.19,1.8683,0.101,25,1.28,0.02,-0.569,0.073,-2.004,0.063,8.95,1.45,308.5931,43.4064
"UPK_12",15.336,0.149,-14.9043,0.139,40,1.527,0.035,0.605,0.126,-6.679,0.125,8.15,0.5,288.791,-22.165
"UPK_122",83.2608,0.07,7.7407,0.061,16,1.098,0.018,-1.352,0.248,-9.274,0.194,8.35,1.05,302.6734,47.7499
"UPK_126",83.7932,0.044,0.2812,0.051,24,1.214,0.075,-1.522,0.131,-2.071,0.235,6.7,2.55,311.8193,43.8301
"UPK_127",84.7698,0.249,-0.1002,0.22,349,1.223,0.054,-1.261,0.544,-3.212,0.694,6.25,3.8,313.0914,44.3443
"UPK_13",16.1861,0.06,-7.4968,0.044,57,1.056,0.035,-1.127,0.108,-4.144,0.088,7.75,1.1,282.0062,-18.2841
"UPK_131",86.7033,0.07,-0.7561,0.09,31,1.011,0.033,2.829,0.081,-1.133,0.131,8.65,2.0,315.5698,45.385
"UPK_138",90.1467,0.067,-2.2982,0.092,22,1.457,0.034,-0.355,0.269,-1.794,0.155,6.3,2.6,320.5962,46.8304
"UPK_143",91.6652,0.14,0.5687,0.178,54,1.15,0.03,1.083,0.113,-2.473,0.109,8.45,4.05,319.1353,49.9261
"UPK_144",91.7072,0.113,4.0652,0.124,24,1.779,0.041,1.259,0.463,-3.562,0.306,6.35,1.95,315.0775,52.3236
"UPK_16",17.6405,0.056,-12.3935,0.095,16,1.27,0.015,-0.309,0.201,-5.135,0.163,7.85,0.55,287.324,-19.0935
"UPK_160",99.156,0.906,13.9946,0.775,64,2.166,0.093,3.929,0.825,-0.164,0.626,7.0,0.6,308.7261,64.2305
"UPK_164",99.8462,0.123,4.9912,0.146,74,1.068,0.028,-1.537,0.184,-3.262,0.158,6.75,2.35,323.9333,58.7912
"UPK_166",100.2758,0.262,-9.8758,0.165,82,1.5,0.034,-0.908,0.096,-3.279,0.172,7.5,0.65,339.0748,46.9647
"UPK_168",101.5313,0.327,-14.706,0.205,70,1.657,0.033,-0.527,0.08,-4.017,0.11,7.55,0.8,343.8541,43.2926
"UPK_169",101.5727,0.113,4.7651,0.08,39,1.169,0.03,-1.956,0.11,-2.535,0.14,6.95,2.4,326.7583,59.7543
"UPK_17",18.0992,0.119,-4.1077,0.098,18,1.467,0.039,0.947,0.087,-7.951,0.161,8.75,1.6,279.7322,-15.0649
"UPK_178",104.8512,0.077,2.7186,0.063,41,1.042,0.029,-4.294,0.084,-3.421,0.093,7.6,2.75,334.4334,60.0792
"UPK_185",105.8252,0.142,-9.9359,0.114,82,1.796,0.04,2.642,0.093,-1.955,0.143,7.9,0.5,346.4266,49.3917
"UPK_191",107.6818,0.081,4.6138,0.088,57,1.155,0.053,-0.986,0.187,-2.015,0.254,6.5,2.45,337.3114,63.1948
"UPK_198",109.7291,0.178,4.4684,0.061,23,1.16,0.021,-4.853,0.045,-2.172,0.125,7.7,2.3,341.4734,64.0735
"UPK_201",110.0094,0.062,1.6412,0.081,25,1.089,0.049,-3.98,0.096,-3.43,0.157,7.25,4.4,344.7656,61.6606
"UPK_220",114.364,0.143,5.1113,0.132,170,1.033,0.036,-2.419,0.102,-2.644,0.125,8.05,3.3,350.9961,66.5173
"UPK_224",114.9658,0.135,5.3818,0.086,45,1.272,0.036,-1.374,0.098,-0.156,0.119,7.7,4.15,352.2099,66.9674
"UPK_226",115.6747,0.228,6.9012,0.149,46,1.165,0.029,-1.545,0.09,-3.185,0.122,8.0,2.8,352.7281,68.6308
"UPK_233",117.8726,0.485,9.5818,0.273,21,2.052,0.056,6.793,0.152,0.682,0.188,7.6,1.55,356.681,71.815
"UPK_237",119.8001,0.147,2.8104,0.14,85,1.353,0.036,-0.606,0.128,-3.791,0.179,7.55,2.45,5.2988,65.4981
"UPK_265",130.6284,0.187,3.7333,0.05,29,1.16,0.022,-0.542,0.076,-0.424,0.109,7.4,2.35,31.6417,65.4762
"UPK_27",24.7889,0.074,4.5653,0.057,43,1.09,0.024,2.352,0.086,-2.182,0.116,8.6,4.6,275.0566,-5.1272
"UPK_28",25.9896,0.036,2.6026,0.034,32,1.09,0.025,0.857,0.151,-2.559,0.15,7.45,4.0,277.3603,-4.977
"UPK_282",136.0879,0.143,-17.3482,0.168,31,1.267,0.042,-2.852,0.091,-3.385,0.072,7.85,0.3,30.3555,43.7285
"UPK_29",26.1488,0.105,1.2947,0.147,38,1.488,0.029,0.444,0.194,2.773,0.13,8.65,3.05,278.5992,-5.4391
"UPK_292",140.3318,0.244,7.8412,0.296,37,2.279,0.064,0.088,0.137,-8.131,0.205,7.75,2.25,56.5936,64.6262
"UPK_303",143.0579,0.618,-18.0068,0.992,32,4.696,0.093,18.147,0.552,-24.353,1.48,7.8,0.15,38.4822,40.8254
"UPK_305",145.7449,0.825,-19.0071,0.249,25,2.463,0.042,2.893,0.154,-6.575,0.122,7.8,0.25,40.9352,38.839
"UPK_312",150.3285,0.077,5.4418,0.087,21,1.425,0.041,0.134,0.126,-0.817,0.1,8.65,1.25,68.0387,56.0835
"UPK_325",153.6219,0.125,0.6059,0.147,35,1.316,0.041,-0.137,2.023,-3.23,1.356,8.55,1.8,65.9958,50.3644
"UPK_347",166.132,0.358,0.2503,0.137,60,1.045,0.051,-0.497,0.362,-3.716,0.329,7.8,1.05,77.2235,40.5988
"UPK_350",167.1474,0.832,19.3011,0.349,39,2.309,0.037,-4.846,0.113,-6.318,0.124,8.05,0.45,101.617,48.8283
"UPK_378",181.528,0.64,-36.5785,0.566,27,5.538,0.143,21.727,0.675,-13.531,0.485,7.6,0.4,56.4032,5.778
"UPK_379",181.8105,0.12,6.7465,0.083,19,1.303,0.054,-1.062,0.205,-4.367,0.208,8.35,1.45,94.1989,30.6889
"UPK_38",30.5442,0.064,1.0456,0.061,24,1.706,0.057,-1.073,0.166,-5.333,0.13,6.75,2.35,280.8394,-1.6475
"UPK_381",183.2693,0.116,7.0164,0.106,16,1.4,0.019,0.423,0.119,-2.969,0.079,8.3,0.7,95.2476,29.528
"UPK_385",187.9672,0.36,-17.0186,0.361,56,3.172,0.107,1.835,0.361,-3.477,0.241,6.9,0.25,75.7119,13.0453
"UPK_39",31.3619,0.42,5.1975,0.257,235,2.252,0.146,3.255,0.635,-8.639,0.716,6.25,0.5,277.5187,0.9754
"UPK_394",195.6415,0.152,-18.1005,0.096,41,1.246,0.044,-0.455,0.103,-2.017,0.098,7.95,0.35,78.7935,6.3015
"UPK_398",198.7619,0.285,-11.5054,0.201,46,2.26,0.065,-3.232,0.137,-1.761,0.091,6.95,0.05,86.0567,7.0388
"UPK_4",11.0075,0.078,-9.3564,0.095,27,1.243,0.028,-2.022,0.119,-6.425,0.098,7.7,1.85,281.4012,-23.7043
"UPK_402",203.2494,0.21,-12.2915,0.141,54,2.47,0.077,-1.096,0.216,-1.809,0.162,6.5,0.15,87.5092,2.8191
"UPK_41",31.7576,0.562,3.0395,0.379,179,2.096,0.077,2.647,0.347,-8.242,0.369,6.75,2.25,279.6192,0.3417
"UPK_42",34.7115,0.188,-11.5121,0.103,64,1.692,0.038,-0.431,0.118,-5.03,0.148,7.75,1.95,293.9224,-3.6649
"UPK_422",212.9601,0.673,-16.505,0.543,112,3.33,0.087,0.172,0.234,-0.55,0.171,7.25,0.2,88.0983,-7.4675
"UPK_429",216.468,0.129,5.0184,0.103,49,1.135,0.034,-1.97,0.087,0.077,0.079,7.9,0.45,108.9373,-0.8477
"UPK_431",217.6782,0.096,3.5401,0.112,17,1.366,0.014,-2.457,0.064,0.787,0.122,8.25,0.3,108.1789,-2.5989
"UPK_433",218.1889,0.13,-2.177,0.126,46,1.274,0.024,-0.784,0.113,-2.523,0.084,8.3,0.5,103.3167,-5.6704
"UPK_438",219.6866,0.211,-5.6067,0.208,17,2.488,0.06,-7.075,0.623,2.753,0.351,7.6,0.8,100.9137,-8.5532
"UPK_445",221.9482,0.133,-15.9216,0.214,52,1.481,0.052,-2.583,0.235,1.399,0.154,6.9,0.4,92.3946,-15.0232
"UPK_45",37.2064,0.072,-7.7399,0.066,35,1.121,0.036,-0.607,0.119,-2.121,0.132,7.55,1.35,291.6915,0.2475
"UPK_467",231.79,0.242,10.6938,0.159,33,1.709,0.042,-6.949,0.146,-1.622,0.137,8.45,0.05,121.295,-11.4234
"UPK_468",232.151,0.094,7.2134,0.068,16,1.103,0.033,-1.561,0.069,0.113,0.053,7.95,0.4,118.4088,-13.4969
"UPK_470",232.7157,0.173,-4.0021,0.093,32,0.962,0.032,-4.852,0.096,4.265,0.086,7.55,0.65,108.4479,-19.41
"UPK_495",251.4235,0.314,-15.3988,0.185,25,1.535,0.053,-2.223,0.166,5.701,0.322,8.95,0.15,105.6887,-40.929
"UPK_50",40.4191,0.163,3.3665,0.149,41,0.997,0.027,-1.317,0.099,-3.776,0.137,8.15,1.45,283.2677,8.1952
"UPK_502",255.5734,0.129,-1.2634,0.101,37,1.433,0.028,-8.09,0.166,5.665,0.131,7.8,0.6,124.3255,-37.7917
"UPK_508",258.9764,0.132,7.7597,0.074,29,1.191,0.025,-10.543,0.06,6.304,0.077,8.3,0.95,135.7883,-34.9772
"UPK_51",41.7357,0.2,-30.7859,0.377,37,1.756,0.046,5.114,0.204,1.933,0.212,7.9,0.15,314.125,-6.6825
"UPK_528",265.9063,0.08,2.8923,0.077,52,1.018,0.05,-7.706,0.154,1.973,0.151,7.8,1.05,137.0446,-43.3634
"UPK_53",48.3542,0.251,1.5946,0.231,90,1.679,0.041,2.467,0.144,1.03,0.136,7.85,1.55,288.5751,14.4345
"UPK_533",267.6623,0.493,-9.8305,0.408,35,2.932,0.064,-7.099,0.313,2.682,0.323,7.85,0.25,123.549,-52.5428
"UPK_535",267.3923,1.319,-7.0602,0.386,124,3.147,0.129,-12.986,0.673,3.317,0.214,7.5,0.4,127.0253,-50.7824
"UPK_54",48.463,0.204,4.2742,0.154,56,1.218,0.027,-0.539,0.107,-5.899,0.088,7.9,1.4,286.161,15.761
"UPK_540",270.8561,0.777,-17.1158,0.588,67,2.743,0.076,-4.769,0.271,7.759,0.241,7.45,0.5,114.8012,-58.7517
"UPK_545",275.1771,0.763,-9.905,0.346,182,3.06,0.081,-8.753,0.428,2.789,0.337,7.8,0.35,130.9077,-58.6814
"UPK_549",276.7705,0.125,0.7036,0.107,134,0.978,0.026,-1.661,0.096,-0.409,0.108,8.9,1.5,146.4823,-52.4812
"UPK_552",279.8757,0.471,9.5077,0.339,43,3.076,0.09,-22.516,0.539,6.572,0.333,7.85,0.35,158.3024,-47.082
"UPK_560",278.5917,0.144,11.8208,0.169,18,1.731,0.037,-12.622,0.199,3.879,0.159,7.9,0.25,158.4498,-44.4491
"UPK_569",295.6898,1.162,-10.3976,0.491,87,4.082,0.086,-25.737,0.708,-1.323,1.521,7.5,0.65,169.2955,-71.9313
"UPK_578",303.0072,0.058,5.4988,0.06,30,1.055,0.03,-12.961,0.061,-4.609,0.101,8.7,1.3,192.9985,-57.3729
"UPK_599",313.8337,0.422,23.1774,0.258,31,1.489,0.038,-10.035,0.153,0.239,0.153,7.25,0.05,205.714,-38.6034
"UPK_604",318.2923,0.068,-0.6411,0.065,19,1.34,0.026,-4.617,0.201,-3.653,0.127,6.6,0.05,224.5091,-59.6829
"UPK_605",318.8438,0.08,-8.3949,0.073,32,1.336,0.019,-3.664,0.062,-4.302,0.09,7.95,0.25,234.6092,-65.9638
"UPK_606",319.175,0.81,13.6367,0.503,63,5.915,0.092,-20.229,0.455,-16.923,0.412,7.15,0.05,216.0253,-46.292
"UPK_607",319.7336,0.069,1.4474,0.066,20,1.059,0.027,-4.252,0.16,-3.314,0.209,6.75,1.35,225.0602,-57.1619
"UPK_612",322.9735,0.631,-15.2798,0.877,66,4.405,0.146,-13.532,0.704,-12.359,0.668,8.0,0.35,254.4676,-67.9269
"UPK_617",325.2655,0.12,0.042,0.079,56,1.365,0.034,-2.787,0.121,-5.271,0.127,7.9,0.8,234.8325,-55.3755
"UPK_62",54.5286,0.079,3.6052,0.078,24,1.112,0.027,-0.423,0.074,-5.441,0.072,7.75,4.85,289.7134,20.8304
"UPK_630",334.3123,0.069,-2.6781,0.058,29,1.091,0.024,-1.814,0.101,-2.254,0.096,7.95,0.65,249.1304,-51.2866
"UPK_640",343.5058,0.671,4.69,0.772,371,5.676,0.09,-11.914,0.55,-21.277,0.513,7.15,0.05,250.0475,-39.5283
"UPK_644",349.2008,0.12,10.6174,0.109,28,1.332,0.029,-3.916,0.084,-3.413,0.151,7.7,0.9,249.1519,-31.3778
"UPK_645",349.493,0.088,-9.5731,0.109,27,1.403,0.034,2.751,0.062,-2.924,0.065,7.7,0.6,270.1753,-42.785
"UPK_65",55.3566,0.105,7.3559,0.125,19,1.291,0.017,-1.836,0.08,-3.647,0.082,8.7,1.1,286.5146,23.2715
"UPK_654",359.5506,0.084,-10.7973,0.188,19,1.964,0.042,1.205,0.081,-8.721,0.134,7.85,0.6,277.3084,-34.5018
"UPK_655",358.6182,1.712,-15.3083,2.54,258,6.622,0.211,2.261,2.34,-27.493,0.914,6.9,0.05,281.9274,-37.1779
"UPK_66",55.7784,0.292,-13.0766,0.173,20,1.499,0.029,0.43,0.158,-10.005,0.2,8.1,0.65,305.4681,13.4986
"UPK_7",14.7488,0.059,-2.6532,0.077,19,1.263,0.012,-0.339,0.191,-5.783,0.209,8.45,1.45,276.7883,-17.3696
"UPK_70",56.6665,0.223,4.9597,0.508,53,2.029,0.078,0.134,0.317,-5.534,0.242,7.25,0.9,289.4831,23.3472
"UPK_71",56.0041,0.545,2.5711,0.777,422,1.975,0.064,1.476,0.359,-6.34,0.611,6.9,1.45,291.4347,21.6467
"UPK_73",58.1333,0.075,-0.4111,0.095,19,1.557,0.045,0.716,0.158,-6.537,0.191,6.45,0.05,295.3565,22.0661
"UPK_82",63.2522,0.286,-0.611,0.298,59,1.845,0.032,2.319,0.189,-2.153,0.151,7.8,0.7,298.3777,26.3854
"UPK_84",64.0098,0.163,-13.1213,0.148,60,1.074,0.034,-6.286,0.088,-9.3,0.112,9.05,0.3,310.2007,20.115
"UPK_90",65.6426,0.138,-0.595,0.086,33,1.244,0.029,-0.806,0.102,-5.734,0.121,7.7,1.25,299.7604,28.4366
"UPK_93",67.2067,0.134,-0.2051,0.044,23,1.423,0.032,-0.83,0.099,-8.308,0.094,8.9,0.3,300.3237,29.9717
"Upper_Sco",347.0828,10.603,17.6335,3.759,4322,7.05,0.448,-14.618,7.257,-23.266,2.853,7.25,0.05,241.6463,-28.0628
"vdBergh_80,VDB_80",219.2341,0.092,-8.8227,0.159,54,1.029,0.048,-3.227,0.299,0.459,0.35,6.8,2.4,97.7952,-9.5831
"vdBergh_83,VDB_83",236.4436,0.071,-14.3272,0.093,45,1.081,0.043,-2.799,0.181,3.338,0.211,6.75,0.05,100.0253,-27.1836
"vdBergh_92,VDB_92",224.5267,0.221,-2.2329,0.405,890,0.866,0.055,-3.997,0.626,1.506,0.319,6.75,1.4,106.1865,-11.3328
"CWNU_1001",139.019,0.832,-2.2811,0.278,38,2.637,0.095,13.549,1.037,-15.244,1.098,8.65,0.9,43.192,56.7526
"CWNU_1002",104.6555,0.129,5.7598,0.064,34,0.945,0.069,-2.827,0.673,-2.702,0.935,7.7,1.25,330.4406,62.4475
"CWNU_1003",206.5725,0.165,-2.5455,0.272,37,1.544,0.034,-1.766,0.16,-4.762,0.106,7.55,0.4,97.6809,4.4869
"CWNU_1004",336.1446,0.363,8.4473,0.316,24,6.259,0.063,-11.103,0.361,-23.516,0.453,7.05,2.95,239.6985,-42.0316
"CWNU_1005",77.7626,0.107,-0.5267,0.052,20,0.88,0.023,0.087,0.964,-3.552,1.274,7.65,2.35,307.79,38.5528
"CWNU_1006",120.1856,0.68,5.8931,0.276,26,2.997,0.035,-6.617,0.262,0.144,0.272,7.85,0.75,5.3524,68.6046
"CWNU_1007",185.3173,0.758,-11.0622,0.543,87,2.866,0.298,-0.099,0.461,-5.895,0.472,7.55,1.25,79.3553,18.5041
"CWNU_1008",291.9708,0.334,0.2635,0.256,28,2.163,0.051,-14.323,0.451,-2.854,0.27,7.5,0.65,170.0335,-60.6504
"CWNU_1009",189.1853,1.012,-9.8081,0.553,67,2.778,0.415,-0.718,0.518,-5.833,0.462,7.35,0.5,82.6209,15.9904
"CWNU_1010",204.5781,1.397,-33.0703,1.282,30,6.237,0.18,-4.709,0.379,-1.105,0.567,8.15,0.45,69.7273,-8.0745
"CWNU_1011",79.2997,0.057,0.3303,0.069,33,1.044,0.067,-1.643,0.309,-4.089,0.142,6.2,3.15,308.0732,40.299
"CWNU_1012",32.7795,1.553,-45.0583,1.227,67,3.426,0.19,12.311,0.582,0.699,0.213,7.85,0.1,324.5475,-18.931
"CWNU_1013",245.5106,1.127,-13.7765,0.486,32,4.37,0.144,-11.978,1.07,8.328,0.381,7.5,0.05,104.716,-35.031
"CWNU_1014",339.5456,0.119,9.3853,0.166,65,6.299,0.101,-9.891,0.924,-23.555,0.558,6.7,0.35,242.1534,-39.0833
"CWNU_1015",203.1371,1.109,-26.1017,1.492,46,5.72,0.12,12.055,1.095,-14.383,1.145,7.7,0.45,75.3308,-3.7069
"CWNU_1016",290.0408,0.878,1.1534,0.402,35,2.391,0.061,-15.395,0.574,-0.711,0.855,7.7,0.4,167.1035,-59.1153
"CWNU_1017",100.9995,0.337,-16.3303,0.284,20,2.293,0.093,-1.47,0.175,-4.448,0.481,7.25,0.9,344.2128,41.6101
"CWNU_1018",204.8492,0.946,-33.8514,1.461,42,6.055,0.184,-9.469,0.566,-4.717,0.378,8.15,0.35,69.1285,-8.6315
"CWNU_1019",264.5918,0.861,-5.8271,0.574,24,2.351,0.124,-9.239,0.75,8.549,0.555,7.45,0.4,126.1334,-47.7947
"CWNU_1020",273.6809,1.184,-5.9269,0.484,124,2.295,0.084,-10.63,0.575,7.726,0.677,7.55,0.45,134.869,-55.0285
"CWNU_1021",90.6335,1.66,0.0319,0.214,23,3.318,0.08,7.282,0.666,1.091,1.058,7.7,0.35,318.6289,48.8109
"CWNU_1022",213.1372,0.445,-25.0558,0.499,22,2.967,0.051,-0.145,1.787,-2.377,2.173,7.9,0.45,80.3488,-11.303
"CWNU_1023",161.0691,0.402,-0.6724,0.3,73,0.996,0.044,0.504,1.085,-3.525,1.166,7.9,1.15,71.9938,43.9959
"CWNU_1024",237.7946,1.144,-10.5968,0.479,189,2.521,0.104,-6.046,0.329,6.01,0.276,7.6,0.35,104.4511,-26.8504
"CWNU_1025",187.9836,0.339,-2.9198,0.668,40,5.083,0.145,8.535,0.928,-20.0,0.599,7.5,0.05,88.1676,20.5903
"CWNU_1026",245.8603,0.112,3.5661,0.096,29,0.983,0.023,-2.864,0.077,1.008,0.055,8.5,0.15,122.7288,-27.0321
"CWNU_1027",103.2721,0.087,5.7591,0.075,19,0.909,0.016,-3.002,0.38,-3.458,0.252,7.6,1.55,328.1314,61.5982
"CWNU_1028",206.5366,0.73,-25.9833,0.491,19,3.01,0.074,0.91,0.442,-0.675,0.3,6.85,0.05,76.8665,-6.3532
"CWNU_1029",140.2917,0.214,1.8413,0.169,95,0.909,0.038,0.558,0.417,-1.575,0.626,7.15,3.0,49.1312,59.7303
"CWNU_1030",260.4558,0.177,-1.608,0.097,59,0.807,0.027,-5.411,0.143,4.944,0.199,7.1,0.8,127.611,-41.9865
"CWNU_1031",257.1245,0.78,-9.1444,0.409,24,3.709,0.096,-10.055,0.31,-3.238,0.449,7.8,0.35,116.5449,-43.2331
"CWNU_1032",68.2355,0.505,-0.1507,0.429,31,2.622,0.041,3.531,0.294,-1.46,0.235,7.65,0.3,300.9033,30.8726
"CWNU_1033",225.6037,0.097,1.685,0.077,26,0.805,0.016,-2.402,0.393,-0.323,0.919,8.5,0.45,110.2303,-10.4712
"CWNU_1034",240.2748,0.78,-2.6004,0.264,47,2.216,0.081,-7.86,0.347,5.911,0.174,7.55,0.4,113.6329,-25.4074
"CWNU_1035",77.4199,0.17,1.4782,0.116,22,0.978,0.015,-2.367,0.568,-7.237,0.748,6.75,0.85,305.4328,39.4365
"CWNU_1036",22.8935,0.59,42.8799,0.34,18,2.628,0.122,1.759,3.124,-6.97,2.766,9.35,0.45,240.245,11.3383
"CWNU_1037",262.5691,0.512,-2.8913,0.645,37,2.075,0.124,-6.608,2.226,6.96,0.689,7.7,0.5,127.8957,-44.4488
"CWNU_1038",104.6424,0.345,5.6042,0.38,109,1.085,0.029,-1.49,0.308,-2.744,0.218,6.9,1.4,330.6203,62.3154
"CWNU_1039",254.5882,0.629,1.0612,0.302,49,2.042,0.115,-9.12,2.352,5.544,1.187,7.55,0.4,126.0163,-35.6614
"CWNU_1040",121.9811,0.149,-0.9128,0.05,30,1.838,0.046,3.352,0.191,-2.159,0.333,6.75,2.8,10.8378,61.944
"CWNU_1041",216.026,0.095,-2.1149,0.076,19,0.843,0.017,-0.136,0.319,-0.904,0.443,7.7,0.8,102.3859,-3.7172
"CWNU_1042",148.2887,0.101,-0.4306,0.114,43,0.862,0.05,-0.347,0.341,-1.451,0.243,6.6,3.0,58.5028,53.2062
"CWNU_1043",72.4938,0.368,0.4999,1.17,33,2.832,0.067,4.541,0.631,-0.765,0.7,7.85,0.85,302.9944,34.806
"CWNU_1044",267.7674,2.469,-6.3846,0.375,437,2.818,0.184,-12.441,1.444,9.907,0.612,7.6,0.4,128.2361,-50.6928
"CWNU_1045",87.1012,0.874,0.5421,1.645,254,2.665,0.239,5.671,1.392,0.984,1.373,7.8,0.45,314.5398,46.5388
"CWNU_1046",229.706,0.529,-14.6919,0.566,33,3.041,0.108,-5.256,0.518,6.221,0.425,7.55,0.9,96.7931,-21.3521
"CWNU_1047",116.4911,0.237,14.4714,0.614,19,3.025,0.069,13.049,1.181,5.764,1.925,8.35,0.55,346.198,75.9917
"CWNU_1048",253.2543,0.182,-1.7796,0.035,20,2.792,0.043,-7.533,0.204,11.282,0.668,6.0,0.05,122.1873,-36.1416
"CWNU_1049",88.9193,0.291,-0.9679,0.146,52,1.345,0.035,0.022,0.352,-2.339,0.414,7.05,0.7,317.9507,46.8794
"CWNU_1050",72.9162,0.428,2.0242,0.722,34,2.662,0.176,3.495,0.747,-0.185,0.468,7.9,0.55,301.7068,35.9894
"CWNU_1051",277.3799,0.145,-8.0076,0.199,19,2.84,0.049,-9.47,0.447,1.319,0.704,7.85,0.35,136.4236,-59.1635
"CWNU_1052",50.4448,0.069,0.1185,0.058,18,0.804,0.028,-1.091,0.13,-4.33,0.133,7.45,2.3,290.9388,15.5904
"CWNU_1053",287.1229,0.613,2.906,0.391,67,2.007,0.079,-18.058,0.551,6.288,0.535,7.9,0.45,163.4811,-56.3157
"CWNU_1054",206.1062,0.45,-11.6571,0.624,42,2.392,0.051,-2.189,0.234,-1.959,0.443,7.7,1.35,89.3906,0.6566
"CWNU_1055",105.8985,0.277,8.8284,0.292,38,2.191,0.062,5.724,0.171,-0.244,0.239,7.15,0.6,328.3273,65.6229
"CWNU_1056",108.8212,0.969,-7.3484,0.324,35,2.504,0.058,3.926,0.872,-3.752,0.904,8.05,0.75,349.2207,52.9132
"CWNU_1057",210.2774,1.031,-23.1349,0.392,20,7.063,0.054,-0.944,0.365,-2.437,0.48,7.35,0.25,80.9691,-8.1202
"CWNU_1058",141.0862,0.158,2.8061,0.275,61,0.899,0.026,-2.052,0.079,-0.738,0.178,7.0,2.2,51.5055,60.1112
"CWNU_1059",124.7904,0.14,3.3434,0.164,36,0.966,0.021,-0.255,0.084,0.766,0.086,7.6,3.5,17.4519,66.1488
"CWNU_1060",277.439,0.306,5.1059,0.123,15,2.825,0.063,-17.469,1.843,5.057,0.754,7.9,0.2,151.6288,-49.4262
"CWNU_1061",33.3118,0.753,7.3273,0.381,39,2.483,0.057,1.161,0.52,-4.635,2.006,8.45,1.05,276.5018,3.6699
"CWNU_1062",238.4746,2.104,69.515,0.907,32,3.208,0.061,-9.11,0.103,-1.583,0.155,7.45,0.5,173.5763,17.0288
"CWNU_1063",184.9564,0.132,-1.7204,0.119,24,1.204,0.04,1.08,1.269,-4.472,1.237,8.3,0.75,87.6181,23.8041
"CWNU_1064",238.141,0.099,-7.0861,0.025,16,0.817,0.023,-3.617,0.13,4.19,0.057,7.1,0.5,108.1373,-25.6213
"CWNU_1065",331.9114,0.054,-0.0864,0.046,20,0.831,0.019,0.138,0.167,-2.159,0.075,7.55,1.45,243.4892,-51.1913
"CWNU_1066",60.0434,3.139,-73.5259,1.209,22,10.021,0.216,27.54,0.912,-3.606,0.92,8.1,0.3,357.3947,-18.7989
"CWNU_1067",259.3215,0.203,2.2151,0.251,30,2.059,0.081,-6.586,2.087,5.063,1.147,8.75,0.3,130.7188,-38.7767
"CWNU_1068",167.1376,0.148,-2.7726,0.108,58,0.937,0.051,-0.532,0.191,-2.912,0.218,6.75,0.1,74.9081,37.9648
"CWNU_1069",257.0663,0.961,-8.6102,0.584,89,2.556,0.107,-9.279,0.698,9.355,0.683,7.55,0.55,117.146,-42.9233
"CWNU_1070",141.7144,0.203,2.9098,0.187,47,0.902,0.035,-1.939,0.107,-0.734,0.114,7.15,1.85,52.6583,59.8434
"CWNU_1071",332.4685,0.074,-2.0575,0.078,33,1.129,0.023,0.441,0.195,-3.628,0.146,7.9,0.3,246.362,-52.204
"CWNU_1072",210.3723,0.502,-16.4437,0.403,29,2.267,0.09,-2.431,0.313,0.291,0.269,7.0,0.05,87.0409,-5.2186
"CWNU_1073",75.1178,0.751,-1.4318,0.172,20,2.922,0.055,5.772,0.547,-0.045,0.663,7.9,0.2,306.7661,35.8794
"CWNU_1074",44.7227,0.068,-8.5256,0.096,22,1.334,0.032,0.574,0.142,-1.961,0.18,7.55,0.9,295.8925,6.445
"CWNU_1075",74.1989,0.598,4.1074,1.434,51,2.876,0.074,3.247,0.711,0.496,0.394,7.75,0.25,300.349,38.182
"CWNU_1076",137.9988,0.529,-2.9657,0.362,30,2.77,0.054,8.78,0.132,-4.026,0.213,7.9,0.45,40.98,56.5794
"CWNU_1077",119.6776,8.192,-60.6877,2.272,32,8.376,0.267,17.273,2.089,-13.475,3.056,8.0,0.35,11.2658,2.1438
"CWNU_1078",289.3205,0.402,-0.8285,0.374,36,2.256,0.104,-14.695,0.874,-0.458,0.938,7.75,0.55,164.1851,-60.6328
"CWNU_1079",224.8672,0.214,1.6203,0.236,26,0.904,0.026,-1.349,0.466,0.326,0.473,7.8,0.4,109.8217,-9.8511
"CWNU_1080",149.2707,0.122,-10.1514,0.106,25,0.861,0.031,-0.567,0.101,-3.103,0.037,7.05,0.45,50.8536,44.8087
"CWNU_1081",198.8168,0.292,-6.96,0.269,18,2.211,0.055,0.378,1.357,-3.672,1.9,8.9,0.05,90.0869,9.2178
"CWNU_1082",260.072,2.032,-8.2661,0.816,493,3.046,0.118,-11.356,0.63,4.719,0.439,7.5,0.3,119.6271,-45.3292
"CWNU_1083",259.2384,1.249,-2.5222,1.269,383,2.927,0.1,-7.1,0.298,10.014,0.465,6.9,0.05,125.6671,-41.5248
"CWNU_1084",71.2208,0.367,0.1268,0.543,52,3.098,0.048,4.995,0.299,-0.273,0.229,7.7,0.35,302.5295,33.5365
"CWNU_1085",277.4615,0.727,0.4717,0.331,64,2.142,0.136,-13.212,1.293,4.075,0.895,7.8,0.55,147.1137,-53.1021
"CWNU_1086",151.9242,0.144,3.9555,0.324,30,1.296,0.031,0.928,0.251,-3.343,0.189,6.9,1.45,68.025,53.9068
"CWNU_1087",230.1115,0.099,2.377,0.159,42,1.016,0.024,-2.376,0.571,0.399,0.651,8.85,0.35,113.0436,-14.1071
"CWNU_1088",206.3148,0.477,-15.5134,0.293,19,2.217,0.063,1.596,0.194,-4.034,0.214,6.5,4.1,86.0765,-1.3259
"CWNU_1089",171.4522,0.153,-0.8888,0.055,32,0.913,0.028,-0.285,0.433,-3.21,0.585,7.55,1.1,80.001,35.6156
"CWNU_1090",120.7191,1.981,17.0298,0.95,68,6.491,0.147,22.848,1.146,0.259,4.521,7.25,0.05,0.9479,79.6963
"CWNU_1091",72.7709,2.008,-34.6409,1.507,21,5.238,0.087,14.904,0.857,-10.696,0.749,8.1,0.25,332.6095,12.1158
"CWNU_1092",199.7373,0.207,-6.9652,0.508,18,2.42,0.058,-3.299,0.228,-4.13,0.513,7.2,0.3,90.5296,8.4157
"CWNU_1093",200.3144,0.35,21.2758,0.36,22,1.844,0.03,-6.906,0.181,-4.299,0.267,7.95,0.05,117.0609,20.2806
"CWNU_1094",171.8682,0.763,-22.274,0.447,17,8.337,0.053,4.321,0.572,-14.677,0.412,7.45,0.05,61.4872,21.603
"CWNU_1095",136.9801,2.328,50.9885,0.406,38,4.132,0.117,11.838,0.962,1.765,0.741,8.6,0.45,172.5607,63.8677
"CWNU_1096",257.8662,0.427,0.2379,0.126,24,2.726,0.055,-6.634,0.108,9.553,0.177,6.9,0.4,127.5694,-38.8068
"CWNU_1097",117.3566,0.31,-8.8496,0.228,16,2.36,0.068,9.03,1.107,-2.898,2.14,7.8,0.5,3.5457,53.6184
"CWNU_1098",164.2662,0.15,0.335,0.079,70,0.828,0.046,1.03,0.371,-3.425,0.286,8.6,0.7,75.8138,42.138
"CWNU_1099",220.0008,0.511,-5.4811,0.389,20,3.692,0.068,-0.779,0.377,-5.007,0.297,7.45,0.25,101.1692,-8.7763
"CWNU_1100",236.8636,0.166,1.5082,0.097,30,0.861,0.029,-2.218,0.42,1.449,0.431,7.85,0.55,115.7035,-20.4197
"CWNU_1101",266.2101,1.339,-3.4506,1.019,67,2.438,0.083,-10.547,0.489,2.042,0.261,7.55,0.55,130.4022,-47.6905
"CWNU_1102",245.0511,0.518,-1.2081,0.276,39,2.084,0.064,-8.579,0.347,5.652,0.265,7.5,0.4,117.653,-28.8619
"CWNU_1103",300.3165,0.268,-3.7558,0.284,20,2.246,0.058,-14.904,0.714,-2.933,0.493,7.55,1.15,186.304,-66.4943
"CWNU_1104",176.6018,0.081,-2.7183,0.094,33,1.044,0.031,-0.46,0.369,-4.481,0.544,7.65,0.95,81.6645,30.3342
"CWNU_1105",103.822,0.468,6.0149,0.213,31,2.008,0.085,4.815,1.518,2.335,1.143,9.05,0.95,328.6957,62.1403
"CWNU_1106",198.5182,0.115,-9.6215,0.204,21,2.478,0.079,-3.5,0.255,-3.645,0.227,6.45,0.05,87.5914,8.1757
"CWNU_1107",105.3447,0.025,7.1555,0.044,21,0.99,0.019,-3.103,0.08,-4.149,0.346,6.75,1.35,329.7638,63.972
"CWNU_1108",174.1528,1.911,-22.2028,0.561,16,8.088,0.058,3.409,0.915,-13.876,0.657,7.2,0.15,63.0886,20.1071
"CWNU_1109",61.1527,0.195,29.4225,0.357,15,2.962,0.036,-2.613,0.114,-3.159,0.19,7.25,0.1,264.858,36.1974
"CWNU_1110",99.8438,1.439,69.508,0.555,18,3.356,0.077,9.731,4.153,-5.048,3.239,7.9,0.3,204.1627,45.5399
"CWNU_1111",192.7511,1.537,-9.0558,0.414,37,3.745,0.093,-1.914,0.297,-6.117,0.302,7.4,0.05,85.1812,13.3815
"CWNU_1112",229.8753,0.262,2.0936,0.531,74,0.884,0.029,-3.148,0.557,1.014,0.463,8.7,0.55,112.6704,-14.0362
"CWNU_1113",338.3651,1.122,27.9328,1.034,31,6.512,0.15,-16.489,1.134,-20.762,0.987,7.45,0.15,227.3638,-25.282
"CWNU_1114",166.3512,0.378,-13.658,0.448,44,2.284,0.086,7.34,1.455,-10.281,2.798,8.85,1.2,64.3219,31.365
"CWNU_1115",106.0678,0.142,5.935,0.184,67,1.095,0.045,-0.888,0.275,-2.051,0.28,6.7,1.45,332.7058,63.4184
"CWNU_1116",259.3122,0.055,-13.1298,0.076,27,2.415,0.044,-4.095,0.184,8.798,0.357,6.85,1.35,112.9292,-46.9728
"CWNU_1117",271.3999,0.37,-0.4441,0.398,26,2.053,0.081,-13.494,0.828,9.517,1.047,7.7,0.55,138.988,-49.6489
"CWNU_1118",108.7077,0.141,-2.5165,0.18,44,0.892,0.042,-1.128,0.721,-1.468,0.92,8.95,1.45,345.8051,57.3359
"CWNU_1119",95.0943,3.855,-53.2225,2.666,34,7.8,0.307,20.912,2.136,-15.799,3.32,8.25,0.7,356.53,6.0821
"CWNU_1120",76.9941,0.176,0.2006,0.28,18,2.021,0.078,3.008,0.616,-0.614,0.811,7.8,0.55,306.4629,38.3545
"CWNU_1121",259.0543,0.804,-22.1647,0.398,41,2.098,0.085,-6.574,0.828,10.178,0.829,7.7,0.35,100.0615,-50.009
"CWNU_1122",304.5184,0.298,2.8621,0.189,124,1.505,0.036,-12.056,0.21,-3.927,0.193,8.5,0.9,196.0269,-59.9706
"CWNU_1123",268.9468,1.467,-14.5711,0.907,127,2.254,0.127,-4.114,0.841,10.389,0.935,7.9,0.45,117.5694,-55.9904
"CWNU_1124",94.5377,0.807,-1.5282,0.577,56,2.855,0.081,7.069,1.799,1.839,1.105,7.75,0.35,324.6389,50.397
"CWNU_1125",152.434,0.227,0.5609,0.156,38,1.284,0.022,0.434,0.834,-3.434,1.548,7.65,1.2,64.6147,51.1707
"CWNU_1126",106.2859,0.107,6.5839,0.098,26,1.077,0.022,-1.452,0.077,-3.22,0.096,6.9,0.9,332.2541,64.0727
"CWNU_1127",20.0886,1.636,-52.5845,0.801,28,3.857,0.083,15.311,0.403,0.135,0.261,7.9,0.05,330.3068,-28.84
"CWNU_1128",162.473,1.751,26.3643,0.702,72,5.04,0.11,-2.905,0.669,-31.216,0.768,8.05,0.35,110.8586,54.829
"CWNU_1129",175.5231,0.363,-16.4618,0.451,25,6.161,0.114,10.017,1.536,-17.079,0.892,6.25,0.95,68.6511,22.9102
"CWNU_1130",139.8087,0.17,2.5548,0.195,37,0.934,0.02,0.335,0.11,0.676,0.086,7.15,1.85,49.0615,60.591
"CWNU_1131",141.1433,0.142,1.4849,0.162,93,0.922,0.038,0.553,0.198,-1.557,0.247,6.8,2.75,50.1711,58.9748
"CWNU_1132",147.3755,0.082,1.9323,0.155,28,0.921,0.03,0.983,0.804,-3.493,0.911,8.75,2.0,59.9176,55.6019
"CWNU_1133",90.1117,0.546,3.0606,0.215,28,3.28,0.115,8.189,1.004,4.378,0.91,7.85,0.35,314.6254,50.4621
"CWNU_1134",271.0288,1.876,-7.2517,0.52,26,3.205,0.076,-13.954,0.671,11.949,0.522,7.6,0.5,130.2523,-53.81
"CWNU_1135",256.1385,1.295,-13.2352,0.31,25,2.599,0.044,-4.734,0.748,9.992,0.307,6.95,0.25,110.8919,-44.2288
"CWNU_1136",300.2518,2.915,3.327,4.778,679,9.213,0.372,-36.298,2.328,-12.088,3.037,7.15,0.05,187.5924,-59.4351
"CWNU_1137",148.278,0.188,6.5702,0.136,24,1.481,0.043,-1.326,0.141,-1.443,0.094,8.05,0.95,66.9856,58.3433
"CWNU_1138",309.8626,0.245,2.5702,0.307,48,2.013,0.036,-13.828,0.201,-6.095,0.256,7.8,0.7,206.6237,-59.5586
"CWNU_1139",291.1751,0.276,1.5527,0.402,36,3.765,0.033,-23.729,0.392,6.079,0.393,7.9,0.35,169.4455,-59.1644
"CWNU_1140",152.2632,0.109,0.3562,0.072,22,0.838,0.031,0.849,0.146,-2.104,0.166,7.8,1.55,64.192,51.1429
"CWNU_1141",108.3753,0.147,6.1803,0.156,82,0.883,0.03,-2.521,0.206,-1.843,0.217,7.9,3.0,336.7835,64.8911
"CWNU_1142",198.0714,2.512,-23.239,1.638,231,3.402,0.18,0.054,1.239,-5.246,1.518,7.8,0.3,75.5484,1.7087
"CWNU_1143",347.7982,1.22,20.8979,2.022,40,9.332,0.132,-21.962,0.987,-33.816,0.611,7.4,0.05,239.6366,-25.2544
"CWNU_1144",261.6121,6.322,-19.381,0.913,59,5.167,0.214,-13.009,0.663,11.999,0.858,7.5,0.05,105.4071,-51.4306
"CWNU_1145",165.8876,0.206,-1.066,0.089,40,0.977,0.037,-0.488,0.624,-2.946,1.011,7.7,1.1,75.6543,39.9986
"CWNU_1146",346.0585,0.207,3.8985,0.312,21,6.035,0.046,-11.843,0.363,-22.521,0.522,7.15,0.05,252.9373,-38.1009
"CWNU_1147",175.6788,0.117,-2.4578,0.207,17,2.04,0.025,2.17,1.49,-6.034,1.489,8.95,0.35,81.3168,31.2446
"CWNU_1148",81.6382,0.197,-4.6717,0.05,23,0.962,0.021,-3.271,0.075,-8.947,0.101,7.65,1.25,315.044,39.0
"CWNU_1149",41.1054,0.321,31.5877,0.519,15,3.062,0.078,-5.12,1.004,4.751,2.211,9.45,0.7,256.8756,20.2813
"CWNU_1150",266.8169,0.454,-1.8023,0.534,116,2.059,0.083,-12.602,0.746,10.782,0.988,7.8,0.45,132.8639,-47.1342
"CWNU_1151",337.0314,0.071,-6.1343,0.057,57,0.89,0.029,-0.681,0.157,-1.243,0.083,7.7,1.15,256.1623,-51.3958
"CWNU_1152",60.7717,0.528,14.3474,0.787,25,3.337,0.055,1.377,1.154,-4.574,0.842,8.1,0.3,281.9074,31.0413
"CWNU_1153",339.815,0.194,-16.5631,0.35,18,2.268,0.038,3.469,0.569,-22.709,0.259,7.95,0.8,273.3971,-54.323
"CWNU_1154",139.1886,0.12,0.568,0.247,21,1.226,0.047,-0.171,0.202,-1.375,0.244,7.75,1.85,45.99,59.1913
"CWNU_1155",116.3348,0.048,4.9231,0.057,19,1.004,0.037,-2.331,0.078,0.075,0.107,7.6,3.1,355.8818,66.921
"CWNU_1156",105.4103,0.11,5.8805,0.053,20,0.98,0.027,-2.991,0.072,-3.223,0.099,7.65,1.25,331.5981,62.9925
"CWNU_1157",228.8771,0.073,-4.1179,0.051,17,0.802,0.015,-3.111,0.102,1.797,0.116,7.85,0.7,106.5009,-16.0579
"CWNU_1158",165.9587,0.116,6.2972,0.044,15,0.826,0.026,1.934,0.06,-2.574,0.049,7.95,0.95,83.846,44.163
"CWNU_1159",265.8824,0.089,-2.7462,0.112,17,1.381,0.036,-4.771,0.128,3.764,0.159,6.9,0.1,130.9247,-46.9992
"CWNU_1160",259.1908,0.233,-3.5521,0.122,15,1.998,0.054,-11.046,0.415,5.979,0.572,7.55,0.85,124.4913,-42.0676
"CWNU_1161",276.7149,0.463,9.456,0.436,19,2.563,0.017,-0.251,0.383,-0.749,0.753,8.1,0.3,154.4559,-45.4526
"CWNU_1162",245.5881,0.229,-12.3406,0.729,19,3.861,0.084,-11.191,0.659,7.195,0.317,7.65,0.2,106.3489,-34.513
"CWNU_1163",260.5751,0.144,-2.893,0.159,16,2.054,0.091,-9.341,0.902,6.452,0.25,7.3,0.15,126.2898,-42.8315
"CWNU_1164",66.8102,1.758,-48.1672,0.621,16,6.772,0.075,20.801,2.532,-9.95,3.284,8.15,0.3,339.235,-0.5081
"CWNU_1165",113.9833,0.647,-8.7976,0.361,15,2.319,0.059,5.043,2.268,-3.296,0.424,7.7,0.85,358.0461,53.0415
"CWNU_1166",129.795,0.062,1.3864,0.082,15,1.059,0.025,-0.822,0.391,-2.049,0.345,7.65,1.45,28.3498,63.4295
"CWNU_1167",295.0064,1.122,-0.6006,0.969,21,2.465,0.057,-15.14,0.369,-2.964,0.783,7.55,0.6,175.5447,-62.4018
"CWNU_1168",34.4505,0.632,6.9782,0.294,26,2.298,0.059,0.587,0.806,-5.253,0.693,7.6,1.2,277.3258,4.5201
"CWNU_1169",245.5498,0.532,-16.9264,0.245,19,4.279,0.155,-9.006,0.377,9.08,0.616,7.5,0.15,101.1555,-36.2783
"CWNU_1170",351.7179,0.073,-1.6087,0.048,20,0.803,0.018,-0.642,0.233,-0.759,0.201,7.75,2.3,262.7491,-36.7954
"CWNU_1171",167.369,2.434,-43.714,0.756,15,5.981,0.097,1.632,3.535,-8.959,3.239,8.75,0.2,43.6163,8.2912
"CWNU_1172",160.0674,0.338,-14.7833,0.139,15,2.041,0.061,1.157,1.97,-6.393,1.374,8.2,0.7,58.113,34.7273
"CWNU_1173",298.5737,0.129,-7.89,0.185,17,2.29,0.034,-13.198,0.211,-0.811,0.15,7.35,0.8,179.9418,-70.3233
"CWNU_1174",255.9334,0.407,-14.3952,0.293,16,2.386,0.061,-4.815,0.936,6.17,1.207,8.05,0.6,109.3002,-44.5307
"CWNU_1175",102.7768,0.242,-2.3769,0.35,20,2.955,0.089,10.024,1.824,2.031,1.213,7.85,0.45,336.3214,54.6723
"CWNU_1176",216.7051,0.338,-27.3601,0.41,16,3.678,0.092,-0.115,3.723,0.666,0.79,7.85,0.3,79.5208,-15.1637
"CWNU_1177",201.6987,0.308,-11.7296,0.142,15,2.23,0.063,-2.463,0.115,-1.148,0.066,6.85,1.45,87.2726,4.4192
"CWNU_1178",247.4601,1.144,-42.9952,0.602,15,7.174,0.063,0.617,0.653,20.131,0.452,7.6,0.15,68.1185,-42.8371
"CWNU_1179",271.6768,0.24,-14.2213,0.45,18,4.436,0.094,-14.796,1.31,8.015,0.678,7.75,0.3,120.4256,-58.16
"CWNU_1180",319.2498,0.939,-23.4808,0.283,18,3.406,0.056,1.851,1.666,-14.3,0.538,7.95,0.45,272.5729,-74.8166
"CWNU_1181",226.1945,0.377,-7.4355,0.361,17,5.932,0.051,0.088,0.181,-5.769,0.398,7.45,0.05,102.1801,-15.1572
"CWNU_1182",348.4447,1.399,52.7454,0.876,15,4.992,0.173,-22.077,3.3,-10.635,2.605,9.35,0.1,218.4485,-0.8363
"CWNU_1183",72.4161,0.213,7.3283,0.201,17,2.107,0.047,1.325,0.662,-1.214,0.865,7.65,0.1,295.6693,38.2762
"CWNU_1184",198.0422,0.824,-4.6936,0.458,18,2.235,0.052,0.008,1.057,-4.571,1.087,7.9,0.3,91.7232,10.9885
"CWNU_1185",15.0617,0.255,-9.4662,0.182,19,1.539,0.016,-1.582,0.259,-5.981,0.339,7.95,0.9,283.3693,-20.1438
"CWNU_1186",47.1176,0.183,-10.0364,0.187,15,2.011,0.05,5.529,1.4,-0.155,2.185,9.3,0.45,298.3809,7.776
"CWNU_1187",85.2558,0.493,17.0648,0.286,16,2.201,0.039,1.075,0.484,-2.07,0.471,7.95,0.65,291.0254,53.8236
"CWNU_1188",29.5139,0.355,12.9636,0.48,18,2.383,0.034,0.058,0.464,-8.326,0.535,7.6,1.05,269.7722,2.8994
"CWNU_1189",104.3519,0.115,6.0932,0.27,16,1.029,0.058,-1.926,0.646,-3.017,0.33,6.75,0.05,329.4825,62.528
"CWNU_1190",158.7751,0.116,-1.252,0.129,22,0.868,0.05,-0.445,0.196,-1.735,0.123,6.7,0.85,69.2574,45.3415
"CWNU_1191",155.0397,0.526,4.9173,0.361,34,3.328,0.061,9.318,0.373,-16.979,0.31,8.45,1.75,72.6335,52.2019
"CWNU_1192",98.3062,0.122,7.2547,0.064,15,1.163,0.017,-2.502,0.103,-3.478,0.164,7.05,1.55,318.722,59.3332
"CWNU_1193",102.4276,0.905,19.723,0.214,16,5.677,0.064,6.92,0.475,10.887,0.327,7.25,0.3,299.9999,69.8149
"CWNU_1194",261.0496,0.252,0.462,0.218,15,1.203,0.044,-8.09,0.471,5.773,0.114,7.8,0.85,130.3009,-41.2171
"CWNU_1195",257.1199,0.578,-43.2038,0.72,19,3.001,0.047,2.679,1.07,13.346,0.523,8.1,0.45,67.0132,-49.8484
"CWNU_1196",294.9869,0.246,-9.3035,0.35,15,3.449,0.024,-21.725,0.573,-0.648,0.46,7.6,0.6,168.537,-70.6594
"CWNU_1197",137.1862,0.228,0.4339,0.474,15,2.679,0.087,13.427,0.799,-15.737,0.873,8.85,0.65,42.3593,59.9989
"CWNU_1198",300.0315,0.343,-7.9321,0.097,18,2.279,0.071,-13.072,0.27,-1.888,0.301,7.6,0.75,184.1781,-70.608
"CWNU_1199",84.8492,0.456,0.5906,0.855,20,3.105,0.05,7.572,0.421,2.051,1.059,7.8,0.6,312.4138,44.845
"CWNU_1200",90.0496,0.374,-9.9491,0.222,15,3.17,0.061,6.918,0.127,-5.353,0.11,7.85,0.15,327.6544,41.1003
"CWNU_1201",75.1994,0.528,15.2873,0.377,20,3.073,0.059,1.76,1.404,-0.515,0.692,7.7,0.25,287.7586,44.2382
"CWNU_1202",152.6788,0.193,-15.2741,0.299,15,2.018,0.093,0.564,1.171,-5.402,1.27,8.05,0.25,50.6907,38.7037
"CWNU_1203",224.4887,0.087,-3.693,0.106,29,0.898,0.048,-3.38,0.145,0.493,0.306,6.9,0.05,104.8417,-11.9641
"CWNU_1204",237.5226,0.084,-7.5002,0.073,17,1.598,0.04,-4.917,0.323,3.534,0.208,7.25,0.25,107.423,-25.2586
"CWNU_1205",107.567,0.71,14.0411,0.132,17,4.296,0.094,10.708,0.636,5.983,0.259,7.8,3.75,322.1901,70.5904
"CWNU_1206",230.3672,0.949,-20.9604,0.77,18,4.559,0.07,-7.814,0.482,8.539,0.537,7.65,0.6,90.7726,-24.3391
"CWNU_1207",92.312,0.264,3.133,0.68,20,3.289,0.085,8.409,0.873,4.904,1.021,7.85,0.35,316.8699,52.1546
"CWNU_1208",202.3499,0.146,1.2286,0.089,15,0.842,0.006,-1.573,0.086,-0.894,0.078,7.15,1.25,99.0966,9.9727
"CWNU_1209",49.265,0.977,41.227,0.628,15,3.352,0.046,-4.751,3.683,-3.141,1.962,8.5,0.7,248.6815,29.2586
"CWNU_1210",276.9305,0.363,7.8808,0.262,15,2.337,0.067,-16.633,2.007,7.158,0.917,7.9,0.1,153.4233,-46.8722
"CWNU_1211",100.3863,0.305,24.5406,0.191,18,5.187,0.059,4.424,0.31,11.275,0.274,7.5,0.15,285.0674,69.5712
"CWNU_1212",141.3268,0.088,2.139,0.136,17,0.912,0.02,-2.04,0.115,-0.955,0.216,7.05,2.05,51.1685,59.4228
"CWNU_1213",340.1285,0.073,-7.9005,0.067,18,0.876,0.027,-2.291,0.213,-5.06,0.303,8.6,1.2,261.2301,-49.8965
"CWNU_1214",220.7093,0.412,-15.9889,0.649,16,3.227,0.099,-5.289,0.311,5.05,0.235,7.55,0.1,91.8196,-13.968
"CWNU_1215",120.7697,0.046,2.7152,0.056,34,1.399,0.047,2.271,0.168,-2.764,0.118,6.25,0.15,7.6455,65.4994
"CWNU_1216",88.5091,0.33,-0.2677,0.212,20,3.46,0.06,8.4,0.968,0.582,4.338,7.55,0.75,316.7896,47.0545
"CWNU_1217",116.8235,0.568,1.8859,0.498,40,2.477,0.15,6.199,0.977,-1.093,0.8,8.95,1.05,358.774,64.0874
"CWNU_1218",219.2254,0.079,-9.7754,0.238,22,1.037,0.029,-3.375,0.161,0.995,0.164,7.15,4.7,96.9235,-9.9952
"CWNU_1219",335.1191,0.076,-1.4312,0.059,36,0.808,0.016,-0.787,0.21,-2.806,0.214,8.35,3.55,248.5379,-49.8503
"CWNU_1220",149.7209,0.367,-1.1411,0.19,99,0.973,0.071,0.095,0.719,-1.925,0.651,8.65,1.85,59.5563,51.7419
"CWNU_1221",102.809,0.66,-1.0467,0.549,36,2.639,0.155,6.249,0.808,-1.927,0.615,7.55,1.15,335.1146,55.8113
"CWNU_1222",7.2926,0.016,-2.0438,0.018,56,0.822,0.045,1.882,0.195,-1.467,0.264,6.3,2.55,272.4544,-23.6481
"CWNU_1223",77.0127,0.083,0.5269,0.026,21,1.021,0.049,-1.621,0.428,-3.822,0.47,6.5,0.15,306.1363,38.558
"CWNU_1224",258.929,0.986,-15.176,0.38,28,2.956,0.05,-4.384,0.383,12.271,0.273,7.35,1.1,109.9642,-47.4949
"CWNU_1225",99.4821,0.359,-1.9634,0.273,31,2.561,0.088,5.236,1.129,-2.093,1.35,7.7,0.85,331.2986,53.1665
"CWNU_1226",334.6081,1.109,16.6013,1.531,34,8.446,0.152,-23.804,1.85,-29.041,1.468,7.25,0.05,231.6475,-36.5522
"CWNU_1227",216.2302,0.272,-10.9027,0.266,21,2.436,0.062,-3.929,0.755,1.259,2.092,8.5,1.0,94.5847,-7.8469
"CWNU_1228",107.4872,0.23,5.2377,0.134,126,1.093,0.055,-0.72,0.578,-2.98,0.567,6.6,3.95,336.2095,63.6233
"CWNU_1229",126.7512,0.167,-0.9165,0.271,97,1.073,0.045,-1.355,0.552,-1.481,0.404,7.2,2.45,20.9393,61.7153
"CWNU_1230",106.3927,0.052,3.1035,0.071,32,1.3,0.019,-0.214,0.346,-2.788,0.21,6.35,2.95,336.6531,61.235
"CWNU_1231",185.6794,0.154,-9.138,0.181,15,2.048,0.1,0.884,0.555,-5.058,0.469,7.7,1.75,81.2606,19.2657
"CWNU_1232",252.8619,0.399,-0.0022,0.297,15,2.94,0.078,-7.633,0.243,12.098,0.652,7.7,3.8,123.7475,-34.8379
"CWNU_1233",204.7644,0.061,-11.9447,0.051,16,2.971,0.075,4.848,0.42,0.18,0.421,6.0,0.75,88.519,1.6806
"CWNU_1234",87.218,0.065,-3.3401,0.057,36,1.387,0.022,-0.052,0.361,-3.222,0.296,7.1,1.3,318.7348,44.0132
"CWNU_1235",103.1519,0.189,2.5774,0.168,23,2.215,0.091,2.844,0.571,0.288,0.675,6.65,0.2,331.8392,58.9965
"CWNU_1236",348.4782,0.301,22.6147,1.014,16,8.135,0.1,-18.602,2.095,-27.046,1.56,7.4,0.05,238.8283,-23.5797
"CWNU_1237",260.7751,0.08,0.2291,0.054,22,1.052,0.031,-4.908,0.374,3.871,0.505,6.7,4.05,129.8331,-41.1421
"CWNU_1238",295.7247,0.047,-0.3389,0.026,30,0.939,0.031,-8.366,0.191,0.906,0.121,6.8,1.7,177.1857,-62.3301
"CWNU_1239",260.6818,0.116,0.6819,0.109,34,1.079,0.056,-5.404,0.863,3.465,1.05,6.5,0.3,130.2324,-40.7917
"CWNU_1240",111.2557,0.043,9.4683,0.034,19,1.077,0.043,-1.299,0.166,-2.191,0.293,6.5,1.35,338.6887,69.181
"CWNU_1241",111.4402,1.816,10.5427,0.91,31,2.608,0.092,5.74,1.629,0.329,1.12,7.85,1.1,337.5431,70.1956
"CWNU_1242",179.9452,0.395,-23.5072,0.131,16,3.452,0.045,3.133,0.295,-3.581,0.682,6.55,0.05,65.7164,15.2161
"CWNU_1243",78.1874,0.102,-0.3108,0.064,34,1.066,0.045,-1.044,0.18,-4.406,0.187,7.4,1.9,307.8886,39.0231
"CWNU_1244",100.0379,0.119,3.1777,0.14,44,1.047,0.018,-1.455,0.31,-3.258,0.224,6.85,2.2,326.474,57.5538
"CWNU_1245",30.5012,0.14,-0.5634,0.067,44,1.603,0.024,0.386,0.254,-6.322,0.247,6.35,4.9,282.2524,-2.4202
"CWNU_1246",133.0906,0.178,-4.6544,0.251,21,2.02,0.104,0.847,0.736,-0.758,1.73,8.45,0.05,31.5523,56.7353
"CWNU_1247",158.7075,0.183,-9.0981,0.194,15,2.04,0.057,-2.515,1.335,-1.493,1.481,7.7,2.25,61.6218,39.8569
"CWNU_1248",170.3807,0.222,0.6818,0.288,16,2.36,0.068,0.94,1.682,-1.001,1.738,8.9,0.05,80.8506,37.39
"CWNU_1249",88.7757,0.227,-1.4847,0.14,18,0.819,0.026,-2.94,0.066,-3.551,0.128,8.7,1.5,318.354,46.42
"CWNU_1250",12.3632,0.312,-33.4977,0.238,17,2.437,0.048,3.328,2.66,-7.979,2.37,9.1,0.25,307.468,-30.8242
"CWNU_1251",208.6943,0.638,-23.4799,0.5,20,3.744,0.044,-1.465,3.98,-0.107,1.012,7.7,0.55,80.0064,-6.9705
"CWNU_1252",136.4359,0.115,0.6458,0.154,24,1.181,0.021,-0.206,1.42,-1.362,0.446,8.15,2.45,41.178,60.513
"CWNU_1253",125.0859,0.768,-42.458,0.435,34,2.757,0.176,7.921,2.868,-6.5,2.16,9.45,0.4,14.5547,20.3854
"CWNU_1254",109.4021,1.061,-25.0441,0.204,18,2.82,0.045,-4.458,0.12,-13.067,0.296,8.9,0.7,357.6272,36.2217
"CWNU_1255",49.3954,0.303,-10.8593,0.48,16,2.195,0.06,-1.545,0.331,-12.456,0.326,7.7,0.4,300.2282,9.3116
"CWNU_1256",301.4137,0.171,-9.4755,0.115,19,2.117,0.033,-13.417,0.375,-1.254,0.466,7.55,1.45,187.9314,-72.2891
"CWNU_1257",75.9297,0.163,7.1421,0.447,16,2.035,0.042,1.549,0.434,-0.221,0.487,7.5,0.6,298.1133,41.2182
"CWNU_1258",208.3366,0.233,-4.205,0.226,15,2.031,0.051,-1.208,1.004,-3.286,1.382,7.85,0.5,97.0187,2.1592
"CWNU_1259",79.2609,0.522,3.3712,0.479,16,2.066,0.072,2.272,0.592,-0.949,0.76,7.75,0.55,304.7458,42.0241
"CWNU_1260",114.1791,0.495,45.2245,0.359,18,3.062,0.109,-2.139,3.731,2.915,3.14,9.35,0.2,211.6863,70.6023
"CWNU_1261",335.8419,1.019,21.1643,0.84,17,6.261,0.123,-14.186,0.736,-21.334,0.67,7.05,0.15,229.6177,-32.1502
"CWNU_1262",209.1995,0.856,-31.1419,0.726,24,3.566,0.063,-0.42,0.268,-1.574,0.733,7.35,0.2,73.2346,-10.7328
"CWNU_1263",165.6177,0.34,-6.3618,0.235,18,2.062,0.112,3.124,1.313,-7.084,0.565,7.9,2.6,70.2098,36.8456
"CWNU_1264",113.0617,1.14,13.8849,0.644,17,2.925,0.148,9.548,1.603,4.785,1.763,9.8,0.9,336.071,73.8667
"CWNU_1265",260.7703,0.783,-14.3017,0.648,19,3.819,0.082,-11.99,0.49,7.473,0.274,7.65,0.8,112.2592,-48.7555
"CWNU_1266",133.5487,0.24,1.4377,0.128,19,1.009,0.065,-0.017,0.329,-1.781,0.105,7.95,1.5,36.2551,62.3647
"CWNU_1267",347.3782,0.962,20.4741,0.2,16,2.656,0.04,-5.529,0.344,-4.741,0.263,7.9,0.65,239.6484,-25.8322
"CWNU_1268",336.6504,0.089,-1.944,0.068,15,0.88,0.029,0.428,0.07,-4.766,0.053,6.9,2.75,250.6968,-49.0526
"CWNU_1269",51.1452,0.207,-11.5732,0.204,15,2.453,0.067,2.945,2.013,-1.851,1.206,9.35,0.1,301.7353,10.4301
"CWNU_1270",104.7154,0.34,-7.2749,0.214,16,2.121,0.057,3.084,0.644,0.051,0.323,8.1,0.6,343.1001,51.3373
